846	7	10	1
846	11	1	2
846	7	3	2
847	7	10	2
847	9	10	2
847	7	3	1
848	1	13	1
848	7	10	2
848	18	14	1
848	14	14	1
849	9	24	1
850	0	0	1
850	4	11	2
850	4	4	1
850	4	11	2
850	20	17	2
850	7	3	2
850	9	1	1
850	7	14	2
851	0	0	1
851	1	3	1
851	9	3	1
851	1	1	1
851	0	0	1
851	4	4	2
852	20	0	1
852	3	26	1
852	9	17	1
852	7	10	1
852	9	26	1
853	7	10	2
853	9	10	2
854	2	13	1
854	3	13	1
854	7	10	1
854	9	9	2
854	7	9	2
854	1	14	1
854	3	14	1
854	7	14	1
854	1	12	1
854	9	13	1
854	7	14	1
854	3	3	2
854	2	3	2
854	2	3	2
854	3	3	2
854	35	0	1
854	36	0	1
854	17	14	1
854	14	14	1
854	4	11	1
855	9	10	2
855	7	10	2
856	7	10	2
856	9	10	2
857	1	18	2
857	9	24	2
857	4	11	1
857	1	1	2
857	1	3	1
857	5	3	1
857	17	14	1
857	4	4	2
858	14	14	2
858	7	0	1
858	4	11	1
858	4	11	1
858	7	18	1
858	17	14	1
858	1	1	1
859	1	3	2
859	4	4	2
859	7	0	2
859	6	6	2
859	3	6	2
859	7	11	2
859	6	6	2
859	14	14	2
859	7	25	2
859	1	25	2
859	9	24	2
859	7	10	2
859	9	25	2
859	7	25	2
859	1	14	2
859	1	1	2
859	7	14	2
859	7	10	2
859	7	0	2
859	17	14	1
859	20	17	2
860	2	13	1
860	3	13	1
861	7	20	1
861	8	0	2
861	5	3	1
861	7	10	1
861	9	1	1
861	3	14	2
861	20	14	2
861	9	14	2
861	42	14	2
861	2	13	1
861	9	25	1
861	7	33	1
861	3	13	1
861	43	1	1
861	11	1	1
861	11	1	1
861	15	19	1
861	9	24	1
861	11	1	1
861	44	34	2
861	0	20	1
861	3	13	2
861	11	1	1
861	1	1	1
861	7	35	1
861	0	0	1
861	1	1	1
861	9	1	1
861	10	0	2
861	0	0	2
861	10	0	1
861	14	14	1
861	4	4	1
861	45	34	2
861	44	34	2
861	5	19	1
861	11	1	1
861	1	7	1
861	2	14	1
861	4	4	2
861	11	1	1
861	33	17	1
862	9	10	1
862	7	10	1
863	1	8	1
863	35	20	1
864	7	20	1
864	7	3	1
864	7	0	1
864	4	4	1
864	7	24	2
864	7	3	1
864	5	3	1
864	6	6	1
864	8	0	1
864	7	13	1
864	9	13	1
864	7	0	1
864	3	3	1
864	32	3	1
864	1	3	1
864	7	3	1
864	47	24	1
864	7	10	1
864	1	1	1
864	22	19	1
864	11	1	2
864	4	4	1
864	7	10	1
864	14	14	1
864	3	28	1
864	0	0	2
864	28	14	1
864	9	10	1
864	7	18	1
864	16	23	1
864	7	10	1
864	0	0	1
864	1	12	1
864	1	12	1
864	3	3	2
864	2	3	2
864	12	27	1
864	9	17	1
864	0	0	1
864	4	4	2
865	9	20	1
865	38	8	1
865	7	8	1
865	1	8	1
865	7	17	1
865	7	3	1
865	14	14	1
865	7	6	1
865	7	10	1
865	32	13	1
865	1	28	1
865	4	4	2
866	1	12	1
866	48	36	1
866	14	14	1
866	1	1	1
0	7	10	2
0	1	10	1
0	1	1	2
0	41	1	2
0	3	26	1
0	7	10	1
0	7	10	2
0	2	13	1
0	9	0	2
0	1	3	2
0	5	3	2
0	0	20	2
0	12	27	1
0	7	38	2
0	1	1	2
0	7	10	2
0	7	0	2
0	3	13	2
0	7	10	2
0	3	13	2
0	54	39	1
0	11	1	1
0	43	1	1
0	11	1	1
0	0	0	2
0	34	35	2
0	0	13	2
0	53	13	2
1	1	1	1
1	1	1	2
1	41	1	2
1	1	7	2
1	59	3	1
1	3	26	1
1	7	10	1
1	7	10	1
1	7	10	2
1	9	20	2
1	7	28	2
1	7	28	2
1	7	9	2
1	2	13	2
1	0	0	2
2	1	1	1
2	7	10	2
2	1	1	2
2	41	1	2
2	11	1	2
2	7	10	1
2	9	10	2
2	2	13	2
2	9	0	2
2	11	1	2
2	6	6	1
2	3	6	1
2	12	27	1
2	7	10	2
2	49	17	2
2	7	10	2
2	7	0	1
2	7	28	2
2	7	28	2
2	11	1	1
2	51	35	2
2	0	0	2
2	60	10	2
3	7	10	1
3	49	17	2
3	20	17	2
4	1	1	1
4	7	10	2
4	1	1	1
4	1	1	2
4	41	1	2
4	14	14	1
4	9	1	1
4	9	1	2
4	11	1	2
4	20	20	2
4	7	10	2
4	2	13	2
4	7	8	1
4	38	8	1
4	1	8	1
4	7	41	2
4	7	10	1
4	20	17	2
4	20	17	1
4	20	1	1
4	1	1	1
4	1	3	2
4	5	3	2
4	6	5	1
4	0	20	2
4	7	6	2
4	7	1	1
4	7	18	2
4	7	0	1
4	6	5	1
4	7	10	2
4	5	26	1
4	56	1	2
4	7	8	2
4	34	35	1
4	34	35	1
4	7	9	2
4	7	0	2
4	34	35	1
4	51	35	1
4	1	18	2
4	9	0	2
4	7	0	2
4	7	40	2
4	6	40	2
4	9	17	1
4	57	35	2
4	34	35	2
4	34	35	2
4	57	35	2
4	8	0	1
4	62	0	1
4	9	10	2
4	43	1	1
4	3	3	2
4	3	13	1
4	6	6	2
4	2	13	1
4	24	31	2
4	9	10	2
4	0	0	2
4	57	35	1
4	34	35	1
4	51	35	1
4	2	13	1
4	51	35	1
4	7	22	1
4	1	13	2
4	38	13	2
4	42	13	2
4	5	13	2
4	9	13	2
4	14	14	1
4	7	10	1
5	63	13	2
5	7	42	1
5	1	14	2
5	3	14	2
5	9	20	2
5	1	18	1
5	39	18	1
5	3	6	2
5	6	6	2
5	7	10	2
5	1	14	1
5	7	42	1
5	7	42	1
5	15	18	2
5	11	1	2
5	7	3	2
5	5	26	1
5	14	14	2
5	1	14	2
5	1	14	2
5	11	1	2
5	4	4	2
5	6	6	2
5	7	3	2
5	3	26	2
5	7	3	2
5	5	3	2
5	7	40	2
5	6	40	2
5	55	12	1
5	9	17	2
5	20	17	2
5	6	5	2
5	56	1	1
5	9	0	2
5	15	19	2
5	2	14	2
5	0	0	2
5	2	13	2
5	7	0	2
5	14	14	2
5	7	0	2
5	7	23	1
6	1	1	2
6	41	1	2
7	7	3	1
7	11	1	1
8	7	10	2
9	20	1	1
10	63	13	2
10	11	1	1
10	20	17	1
10	14	14	1
10	7	32	1
10	51	35	1
10	34	35	1
10	7	3	2
10	3	3	2
10	7	0	2
10	0	0	2
10	3	13	1
10	7	10	2
10	9	10	2
10	7	0	2
10	9	10	2
10	20	1	1
10	14	14	1
10	27	14	2
11	20	1	1
11	9	1	1
11	67	3	1
12	1	1	2
12	7	10	2
12	7	10	1
12	1	1	1
12	1	10	1
12	11	1	2
12	7	10	1
12	38	1	2
12	9	10	1
12	7	10	2
12	1	3	1
12	5	3	1
12	7	3	1
12	2	13	1
12	2	13	2
12	9	0	2
12	7	10	1
12	9	20	2
12	3	6	1
12	6	6	1
12	7	0	1
12	7	11	2
12	0	11	2
12	7	0	2
12	31	0	2
12	7	3	1
12	54	39	1
12	3	13	1
12	7	1	1
12	3	3	1
12	0	0	1
12	7	10	2
12	7	10	2
12	7	14	2
12	7	0	2
12	0	0	2
12	7	0	2
12	4	4	2
13	50	0	2
13	7	20	2
14	4	4	1
14	19	10	2
14	50	0	2
15	1	1	1
15	1	1	1
15	14	14	1
15	9	1	1
15	9	1	2
15	7	43	2
15	3	26	1
15	7	10	1
15	2	13	2
15	9	0	2
15	11	1	2
15	7	0	2
15	68	26	1
15	7	26	1
15	14	26	1
15	9	0	2
15	7	0	2
15	54	39	1
15	9	17	2
15	0	0	1
15	6	6	1
15	3	13	2
15	9	0	2
15	7	0	1
15	0	0	2
15	7	0	1
15	4	4	2
16	50	0	1
17	1	1	2
17	9	10	2
17	11	1	1
17	3	26	1
17	64	18	2
17	7	10	2
17	38	18	2
17	60	10	2
17	2	13	1
17	9	10	2
17	12	27	1
17	7	0	2
17	1	3	2
17	7	28	2
17	7	28	2
17	7	0	1
17	9	3	2
17	7	32	2
17	9	0	2
17	57	35	2
17	57	35	2
17	34	35	2
17	34	35	2
17	57	35	2
17	34	35	2
17	69	0	2
17	9	1	2
17	7	13	1
17	2	13	1
17	28	1	2
17	2	13	1
17	14	14	1
17	70	14	2
17	71	14	2
17	7	3	2
17	3	3	2
18	7	3	1
18	50	0	2
19	4	4	2
19	7	20	2
19	2	13	1
19	1	14	1
19	7	32	2
19	50	0	2
19	6	6	1
19	2	13	1
20	1	1	1
20	1	1	2
20	41	1	2
20	7	1	1
20	11	1	2
20	61	17	2
20	9	17	2
20	6	6	2
20	7	0	1
20	42	0	1
20	9	0	2
20	7	10	1
20	37	12	2
20	1	3	1
20	7	0	1
20	7	0	1
20	1	12	1
20	14	14	1
20	7	0	2
20	14	14	1
20	7	8	1
20	7	6	2
20	0	0	2
20	9	0	2
20	4	4	1
20	50	0	2
20	3	13	2
20	6	6	1
20	2	13	1
20	7	0	1
20	9	10	2
20	7	14	2
20	9	10	1
20	2	13	1
20	14	14	1
20	7	22	1
20	4	4	1
21	50	0	2
22	55	12	2
22	50	0	2
22	6	6	1
22	42	13	1
22	1	13	1
22	38	13	1
22	5	13	1
22	9	13	1
23	1	1	2
23	41	1	2
23	7	1	1
23	3	13	1
23	61	17	2
23	9	17	2
23	7	10	2
23	6	6	2
23	7	10	2
23	2	13	1
23	9	0	2
23	0	0	1
23	37	12	2
23	7	10	2
23	49	17	2
23	11	1	1
23	14	14	1
23	7	11	1
23	7	11	1
23	14	14	1
23	9	0	2
23	7	40	1
23	6	40	1
23	55	12	1
23	50	0	2
23	57	35	2
23	57	35	1
23	34	35	1
23	34	35	2
23	9	10	1
23	3	3	1
23	3	13	2
23	6	6	1
23	9	1	1
23	7	3	2
23	7	0	1
23	14	14	1
23	7	22	1
23	38	13	1
23	1	13	1
23	42	13	1
23	9	13	1
23	5	13	1
24	2	13	2
24	57	35	2
24	57	35	2
24	34	35	2
24	57	35	2
24	34	35	2
24	34	35	2
24	34	35	2
24	57	35	2
25	2	13	2
26	7	3	1
27	9	0	2
27	7	3	1
27	3	3	1
27	7	10	1
27	6	6	1
27	3	13	2
27	51	35	2
28	2	13	2
28	14	14	1
28	9	0	1
28	14	14	1
28	7	22	1
28	7	10	1
29	7	3	2
30	2	13	1
30	2	13	2
30	7	40	2
30	6	40	2
30	57	35	1
30	57	35	1
30	34	35	1
30	34	35	1
30	34	35	1
30	57	35	1
30	57	35	1
30	34	35	1
30	20	17	2
31	7	3	2
32	2	13	2
32	2	13	1
32	2	13	1
32	57	35	1
32	34	35	1
33	50	0	1
34	9	15	1
35	9	15	1
35	2	13	2
35	4	4	2
36	2	13	1
36	2	13	2
36	3	6	1
36	6	6	1
36	15	19	1
36	56	1	1
36	14	14	2
36	2	13	1
36	9	0	1
36	43	1	1
36	11	1	1
36	55	12	2
36	7	13	2
36	14	14	2
37	4	4	2
38	9	0	2
38	9	17	1
38	34	35	2
38	57	35	2
38	6	6	2
39	20	25	2
40	2	13	2
40	6	6	1
41	2	13	2
41	2	13	2
41	5	13	1
41	2	13	1
41	15	19	1
41	12	27	2
41	7	3	2
42	57	35	1
42	57	35	1
42	57	35	1
42	57	35	1
42	34	35	1
42	34	35	1
42	34	35	1
42	34	35	1
42	6	6	2
43	14	14	2
43	7	6	1
43	43	1	2
43	6	6	2
43	28	25	1
43	14	14	2
44	43	1	1
44	16	23	2
44	7	23	2
45	2	13	2
45	6	6	1
46	1	14	2
46	14	14	2
46	7	14	2
46	1	14	2
46	1	14	2
46	5	14	2
46	15	44	1
46	1	44	1
46	2	13	2
46	2	13	1
46	3	13	1
46	2	13	1
46	3	26	2
46	0	20	2
46	3	14	2
46	14	14	2
46	14	14	1
46	14	14	2
46	3	14	1
46	28	14	2
46	14	14	2
46	7	14	1
46	1	14	2
46	2	13	2
46	2	14	2
46	14	14	2
46	43	1	1
46	3	3	2
46	15	19	1
46	14	14	2
47	7	3	2
47	1	3	2
47	3	3	2
47	5	3	2
47	2	13	1
47	12	27	2
47	1	3	2
48	9	17	2
48	15	19	2
49	7	6	1
49	51	35	2
49	34	35	2
49	9	0	1
49	11	1	2
49	7	0	2
49	0	0	2
49	7	22	1
50	2	13	1
50	2	26	2
50	12	27	2
50	14	14	2
50	14	14	2
51	50	0	1
52	56	1	1
52	14	14	2
52	51	35	1
52	34	35	1
52	9	0	1
52	43	1	1
52	6	6	2
52	14	14	2
53	14	14	2
54	3	6	1
54	6	6	1
54	1	14	2
54	11	1	2
54	14	14	2
54	2	13	2
55	1	14	1
56	34	35	1
56	51	35	1
56	1	1	2
56	25	1	2
56	9	0	1
57	7	3	2
58	3	6	1
58	6	6	1
58	12	27	2
58	12	27	2
58	0	0	2
58	11	1	1
58	43	1	2
58	7	22	1
59	7	0	1
59	3	6	1
59	6	6	1
59	1	14	1
59	51	35	1
59	34	35	1
59	9	0	1
60	7	3	2
60	1	3	2
60	3	3	2
60	5	3	2
60	2	13	2
60	2	13	1
60	14	14	2
60	57	35	1
60	34	35	1
60	3	3	1
60	14	14	2
61	9	0	1
61	3	13	1
61	7	22	1
62	7	0	1
63	7	20	2
64	51	35	1
64	34	35	1
64	9	0	1
64	1	25	2
64	43	1	2
64	11	1	1
64	6	6	2
64	7	10	1
65	63	13	2
65	2	13	2
65	1	14	1
65	11	1	1
65	43	1	1
66	9	0	1
66	7	22	1
66	65	1	2
66	3	1	2
66	66	1	2
66	28	1	2
66	24	1	2
67	50	0	1
68	3	6	1
68	6	6	1
68	1	14	1
68	11	1	1
68	50	0	1
68	57	35	1
68	57	35	1
68	57	35	1
68	57	35	1
68	34	35	1
68	34	35	1
68	34	35	1
68	34	35	1
68	57	35	1
68	34	35	1
68	57	35	1
68	57	35	1
68	34	35	1
68	34	35	1
68	7	22	1
68	7	10	1
69	2	13	1
69	2	13	2
69	3	6	1
69	6	6	1
69	7	0	2
69	7	1	2
69	1	1	2
69	20	1	2
70	7	22	1
71	3	6	1
71	6	6	1
71	7	22	1
72	34	35	1
72	51	35	1
72	9	0	1
73	7	3	2
73	1	3	2
73	3	3	2
73	5	3	2
73	2	13	2
73	72	1	1
73	4	4	1
74	7	13	2
75	1	14	2
75	1	23	2
75	64	18	2
75	64	1	2
75	64	18	2
75	64	1	2
75	1	1	2
75	1	18	2
75	1	18	2
75	1	1	2
75	38	1	2
75	38	1	2
75	38	18	2
75	3	1	2
75	4	1	2
75	38	18	2
75	7	13	2
75	33	17	2
75	0	0	2
75	4	4	2
75	48	36	1
75	7	40	2
75	6	40	2
75	0	0	1
75	10	6	2
75	1	1	2
75	7	14	2
75	1	1	1
75	7	0	2
75	7	3	2
75	19	10	2
75	14	14	2
75	38	29	2
75	7	29	2
75	7	3	2
75	20	1	1
75	7	0	1
75	14	14	2
75	7	0	1
75	7	23	1
76	9	15	1
76	7	3	2
77	6	6	2
77	72	1	1
78	7	32	2
78	7	0	2
78	43	1	1
78	11	1	2
78	6	6	1
78	7	3	2
79	57	35	1
79	34	35	1
79	57	35	1
79	34	35	1
80	57	35	1
80	34	35	1
81	9	1	2
82	7	3	1
83	7	0	1
83	2	13	1
83	9	20	1
83	1	3	1
83	5	3	1
83	3	6	1
83	6	6	1
83	6	5	2
83	15	19	1
83	7	0	1
83	56	1	2
83	20	1	1
83	7	14	1
83	3	14	1
83	14	14	1
83	20	1	1
83	52	1	1
83	42	1	1
83	7	32	1
83	51	35	2
83	34	35	2
83	9	0	1
83	6	6	1
83	9	1	1
83	6	1	1
83	20	1	1
83	52	1	1
83	57	35	1
83	57	35	1
83	34	35	1
83	34	35	2
83	34	35	2
83	57	35	2
83	34	35	2
83	57	35	2
83	34	35	1
83	57	35	2
83	9	10	1
83	3	13	1
83	2	13	1
83	9	1	1
83	4	4	2
83	1	7	1
83	3	35	1
83	20	1	2
84	50	0	1
84	7	10	2
84	14	14	2
85	6	6	2
85	0	0	1
85	0	0	2
85	73	0	1
85	7	0	2
85	0	0	2
85	2	13	2
86	2	13	2
86	6	6	2
86	6	6	1
86	5	26	1
86	50	0	1
86	16	23	1
86	7	0	2
86	0	0	2
86	2	13	2
86	6	6	1
86	2	13	2
87	6	6	1
87	11	1	2
87	3	18	1
87	72	1	1
87	20	1	1
88	6	6	2
88	3	6	2
88	12	27	2
88	7	10	1
88	7	22	1
89	16	23	2
89	9	15	1
89	2	13	2
90	50	0	1
91	50	0	1
91	51	35	2
91	57	35	2
91	34	35	2
92	1	14	1
92	57	35	2
92	57	35	1
92	57	35	1
92	34	35	1
92	34	35	1
92	57	35	1
92	34	35	2
92	34	35	1
92	57	35	2
92	57	35	2
92	57	35	1
92	34	35	1
92	34	35	2
92	34	35	2
92	9	1	2
93	1	3	1
93	11	1	2
93	2	13	1
93	2	13	1
94	1	14	1
94	57	35	2
94	34	35	2
94	72	1	2
95	1	25	1
96	2	13	1
96	6	6	1
96	72	1	2
96	57	35	2
96	51	35	2
96	34	35	2
97	1	25	1
98	2	13	2
98	2	13	1
98	2	13	2
99	2	13	2
99	2	13	1
99	7	10	1
99	7	10	1
99	12	27	2
99	2	13	2
99	7	14	1
100	49	17	1
100	20	1	2
100	20	17	2
100	11	1	2
100	6	5	2
100	16	23	1
100	3	13	2
100	2	13	2
100	6	6	2
100	7	22	1
101	1	1	2
101	9	10	2
101	1	1	1
101	1	8	2
101	6	6	1
101	20	1	2
101	11	1	1
101	6	6	1
101	9	26	2
101	7	20	2
101	6	0	1
101	9	0	2
101	20	17	1
101	1	3	2
101	5	3	2
101	6	6	1
101	12	27	1
101	7	38	2
101	7	1	2
101	6	6	1
101	7	15	2
101	55	12	2
101	34	35	1
101	54	7	1
101	9	0	2
101	7	0	2
101	11	1	2
101	1	12	2
101	7	3	1
101	3	3	1
101	12	27	1
101	6	6	2
101	75	0	2
101	14	14	2
101	7	10	2
101	7	0	2
101	1	1	2
101	7	0	2
102	1	29	2
102	1	29	2
102	38	29	2
102	5	26	2
102	1	14	2
102	51	35	1
103	1	1	2
103	41	1	2
103	7	32	2
103	25	1	2
103	1	1	2
103	56	1	2
103	6	6	2
104	50	0	1
104	24	31	1
104	1	14	2
104	51	35	1
105	7	3	1
105	7	3	1
105	34	35	2
105	51	35	2
105	50	0	1
105	7	3	1
105	3	3	1
105	7	3	1
105	7	20	1
105	2	13	2
105	7	10	1
106	1	1	1
106	9	10	2
106	1	1	1
106	9	1	1
106	7	10	1
106	4	4	1
106	11	1	2
106	3	1	1
106	61	17	2
106	9	17	2
106	6	1	1
106	9	1	1
106	9	26	2
106	38	16	1
106	5	16	1
106	1	16	1
106	15	44	1
106	22	19	1
106	4	4	1
106	2	13	2
106	7	10	1
106	54	7	1
106	4	4	1
106	3	3	2
106	3	14	2
106	4	4	2
106	6	6	2
106	6	5	1
106	0	20	1
106	20	1	2
106	1	1	2
106	1	1	2
106	4	46	1
106	7	10	1
106	9	0	2
106	9	0	2
106	7	0	1
106	6	5	1
106	5	26	1
106	7	8	2
106	34	35	1
106	34	35	1
106	7	18	2
106	1	41	2
106	15	19	2
106	3	13	1
106	3	13	2
106	7	32	2
106	9	0	2
106	7	0	2
106	7	40	2
106	6	40	2
106	7	3	2
106	1	1	2
106	7	30	2
106	14	30	2
106	9	17	1
106	1	7	1
106	77	1	2
106	78	1	2
106	0	0	1
106	6	6	1
106	3	13	1
106	6	6	2
106	3	26	2
106	2	26	2
106	1	23	1
106	16	23	1
106	0	0	2
106	3	26	2
106	2	26	2
106	57	35	1
106	34	35	1
106	51	35	1
106	7	0	1
106	7	10	1
106	7	0	1
106	7	0	1
106	14	14	1
106	7	9	1
106	7	10	1
107	9	10	2
107	7	10	2
107	1	10	1
107	7	1	1
107	59	3	1
107	20	1	2
107	20	1	2
107	11	1	1
107	1	0	2
107	5	0	2
107	61	17	2
107	9	17	2
107	2	26	2
107	9	0	2
107	0	20	2
107	6	6	1
107	37	12	1
107	11	1	2
107	5	26	1
107	14	14	1
107	7	6	2
107	1	3	2
107	5	3	2
107	7	32	1
107	55	12	2
107	3	13	2
107	7	23	2
107	51	35	2
107	34	35	2
107	79	1	2
107	80	1	2
107	62	0	1
107	4	4	2
107	51	35	2
107	14	14	2
107	6	6	2
107	57	35	2
107	51	35	2
107	34	35	2
107	2	13	2
107	14	14	1
107	14	14	1
107	7	22	1
107	1	13	1
107	38	13	1
107	5	13	1
107	42	13	1
107	9	13	1
108	14	14	1
108	2	13	2
108	2	13	1
108	6	6	2
108	37	12	1
108	11	1	2
108	55	12	2
108	7	9	1
108	7	0	2
108	38	13	1
108	5	13	1
108	1	13	1
108	42	13	1
108	9	13	1
109	50	0	1
110	3	6	1
110	6	6	1
110	14	14	1
110	7	32	2
110	43	1	1
110	11	1	1
110	55	12	2
110	9	0	2
110	42	13	2
110	1	13	2
110	9	13	2
110	38	13	2
110	5	13	2
111	6	6	1
111	3	6	1
111	6	6	1
111	6	6	2
111	12	27	1
111	9	0	2
111	72	1	2
111	4	11	1
111	9	0	2
111	9	1	1
111	20	20	1
111	9	20	1
111	4	4	2
112	6	6	2
112	6	6	1
112	6	6	1
113	0	0	2
114	9	15	1
114	2	13	2
114	2	13	1
115	9	15	1
115	2	13	2
115	2	13	1
115	1	14	1
115	3	6	2
116	50	0	2
117	50	0	2
117	51	35	2
117	6	6	1
118	2	13	2
118	2	13	2
118	20	17	2
119	2	13	2
119	9	15	1
119	6	6	1
119	3	6	1
119	12	27	2
119	3	38	1
119	7	0	2
119	3	6	2
119	20	1	1
119	42	1	1
119	9	0	1
119	4	4	2
119	57	35	1
119	34	35	1
119	9	1	2
119	1	13	2
119	38	13	2
119	42	13	2
119	5	13	2
119	9	13	2
120	7	6	1
120	1	1	2
120	7	22	1
120	65	1	2
120	66	1	2
120	3	1	2
120	28	1	2
120	24	1	2
120	1	13	2
120	9	13	2
120	38	13	2
120	42	13	2
120	5	13	2
121	34	35	1
121	51	35	1
121	16	23	2
121	51	35	1
121	7	0	1
122	1	14	1
122	34	35	2
122	57	35	2
122	7	0	1
122	7	0	1
123	1	1	2
123	7	1	1
123	1	8	2
123	2	13	1
123	9	0	2
123	0	20	1
123	1	14	2
123	1	11	1
123	7	0	1
123	34	35	1
123	51	35	1
123	8	0	1
123	43	1	2
123	7	3	2
124	2	13	2
124	2	13	1
124	51	35	1
125	50	0	1
126	20	1	2
127	7	3	2
127	11	1	1
127	50	0	1
127	50	0	1
127	81	0	1
127	4	4	2
127	7	13	2
127	7	10	2
127	7	10	1
127	82	10	1
127	9	10	1
128	7	0	1
129	6	6	2
129	3	6	2
130	3	13	1
130	7	22	2
131	57	35	2
131	34	35	2
132	9	10	2
133	2	13	2
133	2	13	2
133	2	13	2
133	7	10	2
133	9	20	1
133	3	38	1
133	43	1	2
133	7	22	1
134	43	1	2
135	1	14	1
135	9	15	1
136	57	35	1
136	34	35	1
137	57	35	2
137	34	35	2
137	34	35	2
137	57	35	2
138	7	0	1
138	1	0	1
138	3	0	1
138	50	0	1
139	9	10	2
139	1	1	2
139	41	1	2
139	83	1	1
139	84	1	1
139	85	1	1
139	11	1	1
139	38	1	1
139	1	1	1
139	2	13	1
139	2	13	2
139	9	0	2
139	4	4	2
139	7	10	2
139	7	17	2
139	7	17	2
139	7	10	1
139	7	10	1
139	7	11	2
139	7	11	2
139	9	20	2
139	7	0	1
139	6	0	2
139	7	3	1
139	3	13	2
139	2	13	2
139	9	0	2
139	7	0	1
139	9	0	1
139	6	0	1
139	7	15	2
139	9	15	2
139	7	40	2
139	6	40	2
139	9	0	2
139	55	12	1
139	9	17	2
139	14	14	2
139	7	10	2
139	0	0	2
139	9	10	1
139	9	10	2
139	7	3	2
139	3	13	2
139	6	6	1
139	4	4	2
139	9	10	1
139	7	3	2
139	7	22	1
139	4	4	2
140	11	1	2
141	2	13	2
141	25	1	2
141	1	1	2
141	11	1	1
141	7	22	1
142	7	3	1
143	50	0	1
144	50	0	1
144	14	14	2
145	5	3	2
146	2	13	1
146	2	13	2
147	2	13	2
147	3	6	1
147	6	6	1
147	6	6	1
147	72	1	1
147	6	6	2
147	9	10	1
147	2	13	2
148	7	3	2
149	2	13	2
149	9	3	1
149	6	6	2
149	6	6	1
149	56	1	1
149	51	35	2
149	34	35	2
149	0	0	2
149	73	0	2
149	2	13	2
150	3	6	1
150	6	6	1
150	14	14	2
150	50	0	2
150	14	14	2
150	7	22	1
151	57	35	2
151	34	35	2
151	34	35	2
151	57	35	2
152	50	0	1
153	2	13	1
153	6	6	2
153	34	35	1
153	50	0	1
153	7	0	2
154	50	0	1
155	20	1	1
155	50	0	1
155	9	0	2
155	7	22	1
156	20	1	2
156	20	1	2
156	38	1	1
156	7	3	1
156	5	3	1
156	1	3	1
156	3	3	1
156	3	13	2
156	9	0	2
156	15	19	1
156	86	3	2
156	1	3	2
156	5	3	2
156	7	1	1
156	1	14	1
156	7	11	2
156	7	11	2
156	1	1	2
156	9	1	2
156	5	1	2
156	7	3	2
156	7	0	2
156	6	6	2
156	7	40	2
156	6	40	2
156	1	1	2
156	66	29	2
156	2	13	2
156	7	13	2
156	3	3	1
156	28	1	2
156	20	17	1
156	7	3	2
156	67	3	2
156	3	18	2
156	15	19	2
156	34	35	2
156	4	4	2
156	4	4	1
156	2	14	2
156	14	14	2
156	35	0	2
157	7	10	1
157	2	13	1
157	9	20	1
157	3	6	1
157	6	6	1
157	52	1	1
157	9	1	1
157	15	19	1
157	7	10	1
157	14	14	2
157	14	14	1
157	9	0	1
157	1	25	1
157	43	1	1
157	3	13	2
157	9	0	1
157	14	14	1
157	26	11	1
158	1	6	2
158	9	15	1
158	1	1	2
158	1	6	2
158	1	6	2
158	1	1	2
158	14	14	1
158	3	6	1
159	50	0	2
160	2	13	2
160	43	1	1
160	50	0	2
160	7	0	2
161	50	0	2
162	1	14	1
162	2	13	2
162	2	13	1
162	12	27	2
162	7	6	2
162	57	35	2
162	34	35	2
162	7	0	1
162	7	0	1
163	7	10	2
163	4	11	2
164	14	14	2
165	4	11	2
166	7	3	1
167	9	0	2
167	7	25	2
167	7	1	2
167	3	1	2
167	11	1	1
167	43	1	1
167	6	6	1
168	2	13	2
168	2	13	1
168	7	10	1
168	7	10	1
168	7	3	2
169	7	3	1
170	7	10	1
170	2	13	1
170	1	14	1
171	7	3	1
171	7	3	1
172	2	13	2
172	6	6	1
172	6	6	2
172	7	6	2
172	51	35	2
172	34	35	2
172	7	3	1
172	3	3	1
172	57	35	2
172	34	35	2
172	34	35	2
172	57	35	2
172	52	18	2
172	6	6	1
172	7	3	1
172	7	10	1
172	7	0	1
172	2	13	2
172	7	9	2
173	57	35	1
173	57	35	1
173	57	35	1
173	34	35	1
173	34	35	1
173	34	35	1
173	57	35	1
173	34	35	1
174	2	13	2
174	2	13	1
174	12	27	2
174	43	1	2
174	38	13	1
174	1	13	1
174	42	13	1
174	5	13	1
174	9	13	1
175	7	22	1
176	2	13	1
176	50	0	1
176	34	35	2
176	57	35	2
176	6	6	1
177	50	0	1
178	16	23	2
179	2	13	1
179	2	13	2
179	7	3	1
180	7	3	1
181	3	6	1
181	6	6	1
181	11	1	2
181	7	8	1
181	9	10	1
181	21	26	2
181	7	1	2
181	9	10	1
181	9	1	2
181	51	35	1
181	7	14	1
182	11	1	2
183	1	1	1
183	9	10	2
183	1	1	1
183	14	14	1
183	7	10	1
183	7	10	1
183	7	10	1
183	7	14	1
183	7	10	2
183	9	15	1
183	6	0	1
183	2	13	1
183	2	13	2
183	7	10	2
183	7	10	1
183	0	0	2
183	1	1	2
183	9	3	2
183	3	6	1
183	3	6	2
183	6	6	1
183	6	6	2
183	0	20	1
183	7	10	1
183	7	10	1
183	9	17	2
183	49	17	2
183	7	0	1
183	6	14	2
183	7	10	2
183	4	4	2
183	51	35	2
183	34	35	2
183	7	0	2
183	57	35	2
183	34	35	2
183	34	35	2
183	57	35	2
183	24	31	1
183	1	1	2
183	1	1	2
183	52	1	2
183	15	19	2
183	1	12	2
183	7	10	1
183	51	35	1
183	2	13	2
183	5	21	2
183	7	9	2
184	50	0	1
185	7	3	1
186	9	10	2
186	14	14	1
186	7	10	2
186	9	10	2
186	3	26	1
186	3	26	1
186	7	10	1
186	9	10	1
186	12	27	1
186	56	1	2
186	14	14	2
186	11	1	1
186	1	1	1
186	9	0	2
186	7	0	1
186	7	3	2
186	3	3	2
186	57	35	2
186	34	35	2
186	16	23	2
186	6	6	1
186	2	13	1
186	14	14	2
186	22	19	1
187	1	1	2
187	41	1	2
187	9	15	1
187	9	0	1
187	9	0	2
187	6	6	1
188	7	10	1
189	1	1	1
189	1	10	1
189	41	1	2
189	1	1	2
189	7	1	1
189	4	4	1
189	59	3	1
189	9	0	1
189	3	6	2
189	6	6	2
189	0	20	1
189	7	0	2
189	11	1	1
189	7	3	1
189	9	0	2
189	4	4	1
189	1	1	1
189	50	0	1
189	81	0	1
189	57	35	1
189	57	35	1
189	34	35	1
189	34	35	1
189	57	35	1
189	57	35	1
189	34	35	1
189	34	35	1
189	0	0	1
189	9	10	1
189	7	10	1
189	9	10	1
189	3	3	1
189	14	14	2
189	9	10	1
189	7	10	1
189	7	10	1
189	38	1	2
189	7	22	1
190	7	20	2
190	7	13	2
191	2	13	2
191	7	10	2
191	7	10	2
192	2	13	2
192	51	35	2
192	34	35	2
192	6	6	1
193	1	1	1
193	7	1	2
193	1	1	2
193	9	0	1
193	9	0	1
193	7	10	1
193	1	14	2
193	1	1	2
193	7	14	2
193	7	14	2
193	3	14	2
193	3	14	2
193	7	10	2
193	7	40	2
193	6	40	2
193	9	17	1
193	3	3	1
193	7	0	2
193	0	0	2
193	1	13	2
193	9	13	2
193	38	13	2
193	42	13	2
193	5	13	2
193	7	10	2
194	16	23	2
195	14	14	2
196	1	1	1
196	7	10	1
196	0	0	2
196	7	3	2
196	1	3	2
196	3	3	2
196	5	3	2
196	9	0	1
196	14	14	2
196	9	10	2
196	7	10	2
196	7	10	2
196	9	10	2
196	7	0	2
196	3	13	2
196	5	13	2
196	7	40	2
196	6	40	2
196	20	17	2
196	7	0	2
196	10	0	2
196	2	13	2
196	3	13	2
196	7	23	2
196	20	23	2
196	1	23	2
196	3	13	2
197	50	0	1
198	1	8	2
198	6	6	2
198	9	0	1
198	0	20	1
198	12	27	2
198	1	1	2
198	1	1	2
198	9	10	2
198	7	1	2
198	87	25	2
198	87	1	2
198	7	0	1
198	9	10	2
198	1	10	1
198	9	10	2
198	50	0	1
198	7	3	1
198	3	3	1
198	57	35	2
198	57	35	2
198	57	35	2
198	34	35	2
198	57	35	2
198	34	35	2
198	34	35	2
198	34	35	2
198	0	0	1
198	6	6	1
198	1	18	2
198	35	0	1
199	6	6	1
199	3	6	1
200	51	35	1
200	34	35	1
200	9	0	1
201	7	10	2
201	9	10	2
201	51	35	1
201	34	35	1
202	1	1	2
202	41	1	2
202	14	14	1
202	9	0	1
202	38	1	1
202	7	0	2
202	2	13	2
202	20	17	2
202	1	3	1
202	56	1	2
202	11	1	2
202	2	3	1
202	7	40	2
202	6	40	2
202	0	0	1
202	3	13	2
202	11	1	2
202	11	1	2
202	9	17	2
202	7	3	2
202	15	19	1
202	1	14	1
203	7	10	2
203	2	13	2
204	1	1	2
204	41	1	2
204	7	0	2
204	12	27	2
204	20	17	2
204	20	17	2
204	49	17	1
204	49	17	1
204	9	20	1
204	9	20	1
204	56	1	1
204	11	1	2
204	38	7	1
204	89	7	1
204	7	0	2
204	3	13	1
204	6	6	1
204	7	3	1
204	9	17	1
204	7	3	1
204	1	1	2
204	8	0	1
204	3	13	1
204	2	13	1
204	0	0	2
204	7	0	1
204	2	13	1
204	2	13	1
204	7	22	1
205	7	10	2
206	14	14	1
206	7	20	2
206	7	11	2
206	7	10	2
206	9	10	2
206	20	0	2
207	7	1	2
207	50	0	1
208	9	10	2
208	1	1	2
208	9	1	2
208	5	1	2
208	1	29	2
208	7	8	2
208	1	14	1
208	7	0	1
208	22	19	2
208	7	0	2
208	9	0	2
208	1	14	2
208	15	19	2
208	52	19	2
208	7	10	2
208	2	26	2
208	1	29	2
208	14	14	2
208	90	35	1
208	7	10	2
208	11	1	2
208	1	6	2
208	43	1	2
208	4	11	2
208	1	1	2
208	7	18	2
208	7	6	2
208	2	26	2
208	0	0	1
208	57	35	1
208	34	35	1
208	51	35	1
208	7	0	2
209	43	1	1
209	11	1	1
209	50	0	1
209	49	1	2
210	2	13	2
210	50	0	1
210	6	6	1
210	7	20	1
210	14	14	2
211	50	0	1
211	49	1	2
212	12	27	1
212	10	0	2
212	0	0	2
212	7	0	2
212	7	0	2
213	5	7	2
213	20	1	2
213	20	1	2
213	7	0	2
213	61	17	2
213	9	17	2
213	0	0	2
213	7	10	1
213	3	6	1
213	6	6	1
213	1	14	1
213	3	6	2
213	20	17	2
213	6	5	1
213	4	4	1
213	7	18	2
213	1	0	2
213	20	1	1
213	52	1	1
213	42	1	1
213	7	3	1
213	40	23	2
213	7	40	2
213	6	40	2
213	50	0	1
213	15	19	2
213	0	0	1
213	0	0	2
213	7	3	2
213	20	17	2
213	0	0	2
213	7	0	2
213	0	0	2
213	7	10	2
213	7	20	1
213	2	13	2
213	7	0	2
213	7	10	2
213	7	3	2
213	7	14	2
213	7	0	2
213	38	21	1
213	25	23	2
213	28	10	2
213	7	10	1
214	7	3	2
215	0	0	2
215	57	35	2
215	34	35	2
215	2	13	2
215	6	6	1
215	2	13	2
215	7	0	1
216	16	23	1
216	1	14	1
216	9	0	1
216	7	10	2
216	6	6	2
216	12	27	2
216	1	14	1
216	20	1	2
216	20	1	1
216	7	11	2
216	7	11	2
216	3	13	2
216	3	13	2
216	2	13	2
216	5	13	2
216	2	13	2
216	52	1	1
216	7	32	1
216	51	35	1
216	34	35	1
216	9	0	2
216	54	39	1
216	7	10	2
216	7	3	2
216	3	3	2
216	7	10	2
216	0	0	2
216	0	0	1
216	73	0	1
216	7	10	2
216	2	13	2
216	3	13	2
216	2	13	2
216	6	6	1
216	7	0	2
216	3	0	2
216	7	0	2
216	2	13	2
216	38	13	2
216	1	13	2
216	5	13	2
216	42	13	2
216	9	13	2
217	7	3	2
218	7	0	2
218	14	14	1
218	42	1	1
218	52	1	1
218	14	14	2
218	3	13	2
218	0	0	1
218	2	13	2
218	14	14	1
218	7	22	1
219	1	1	1
219	41	1	1
219	1	1	1
219	3	26	1
219	24	26	1
219	9	1	1
219	9	1	2
219	9	15	1
219	12	27	2
219	6	6	1
219	3	6	1
219	0	20	1
219	1	14	1
219	56	1	2
219	14	14	1
219	1	3	2
219	7	18	2
219	1	18	2
219	51	35	2
219	34	35	2
219	54	39	1
219	43	1	1
219	1	1	2
219	51	35	2
219	7	0	2
219	4	4	2
219	64	1	2
219	1	1	2
219	7	1	2
219	9	1	2
219	7	0	2
219	51	35	2
219	14	14	1
219	7	22	1
220	1	1	2
220	1	1	1
220	41	1	1
220	1	1	1
220	7	1	1
220	59	3	1
220	20	1	1
220	20	1	2
220	11	1	1
220	3	26	1
220	7	10	1
220	16	23	1
220	9	0	1
220	7	3	1
220	7	10	1
220	5	13	2
220	2	13	2
220	1	1	1
220	6	6	1
220	6	6	2
220	91	24	2
220	2	13	2
220	20	1	1
220	20	1	1
220	7	10	1
220	19	10	2
220	9	10	2
220	11	1	2
220	7	10	2
220	7	29	2
220	9	17	2
220	7	0	1
220	11	1	2
220	20	0	1
220	3	13	2
220	2	13	2
220	0	0	2
220	92	13	2
220	7	10	1
220	2	13	1
220	9	17	2
220	3	13	2
220	6	6	1
220	0	0	2
220	65	1	1
220	66	1	1
220	3	1	1
220	28	1	1
220	24	1	1
221	1	1	1
221	41	1	1
221	3	6	2
221	6	6	2
221	11	1	2
221	7	10	2
221	6	6	1
221	0	0	2
222	1	10	1
222	1	1	1
222	41	1	1
222	6	6	1
222	22	19	2
222	3	26	2
222	2	13	2
222	0	20	2
222	50	0	2
222	1	18	2
222	9	1	2
223	56	1	1
223	11	1	1
223	7	0	2
223	1	0	2
223	1	12	2
223	76	12	2
223	54	39	1
223	14	14	2
223	50	0	1
223	50	0	2
223	81	0	1
223	22	36	1
223	3	13	2
223	1	1	2
223	3	13	2
223	1	1	2
223	1	1	2
224	12	27	1
224	50	0	2
224	7	10	2
224	0	0	2
224	2	13	2
224	4	11	2
224	9	10	2
224	65	1	2
224	3	1	2
224	66	1	2
224	24	1	2
224	28	1	2
224	93	47	2
224	8	0	2
224	14	14	1
225	3	13	2
225	1	8	2
225	94	45	1
225	20	17	2
225	6	6	2
225	2	13	2
225	9	0	1
225	0	20	1
225	12	27	1
225	7	3	2
225	1	18	2
225	1	18	2
225	95	3	2
225	9	13	2
225	9	13	2
225	7	10	2
225	11	1	2
225	28	1	2
225	7	40	2
225	6	40	2
225	57	35	1
225	57	35	2
225	57	35	2
225	34	35	1
225	57	35	1
225	57	35	1
225	34	35	2
225	34	35	2
225	57	35	2
225	34	35	2
225	34	35	1
225	34	35	1
225	10	0	2
225	7	1	2
225	3	3	2
225	9	10	1
225	9	1	1
225	15	19	1
225	2	13	2
225	37	12	2
225	6	6	2
225	9	13	2
225	38	13	2
225	42	13	2
225	1	13	2
225	5	13	2
225	14	14	2
225	1	29	2
226	1	1	1
226	41	1	1
226	9	0	1
226	43	1	2
227	61	17	2
227	9	17	2
227	4	4	2
227	7	17	2
227	16	23	1
227	7	40	2
227	6	40	2
227	50	0	1
227	81	0	1
227	7	1	2
227	7	14	2
227	7	0	2
227	3	3	2
227	7	29	2
227	1	29	2
227	2	13	2
227	96	23	2
227	1	1	2
228	7	40	2
228	6	40	2
228	2	13	2
229	9	0	1
230	1	1	1
230	1	1	1
230	41	1	1
230	1	8	2
230	94	45	1
230	7	28	1
230	1	28	1
230	3	28	1
230	7	4	2
230	4	4	2
230	16	23	1
230	34	13	2
230	3	13	1
230	2	13	1
230	3	26	1
230	9	10	2
230	3	13	2
230	0	20	1
230	1	3	1
230	1	1	2
230	7	38	2
230	7	38	1
230	20	1	2
230	1	1	2
230	7	0	1
230	7	10	2
230	3	13	2
230	3	13	2
230	5	26	1
230	7	32	2
230	1	1	2
230	7	3	2
230	3	3	2
230	7	40	2
230	6	40	2
230	11	1	1
230	11	1	1
230	34	35	2
230	57	35	2
230	2	13	2
230	0	0	1
230	72	1	1
230	43	1	2
230	0	0	2
230	7	20	2
230	23	20	2
230	2	13	2
230	9	10	1
230	82	10	1
230	14	14	1
230	9	1	2
230	7	0	2
230	22	36	2
230	24	18	2
230	9	1	1
230	3	14	2
230	14	14	2
230	1	7	2
230	20	17	2
230	0	0	2
231	50	0	1
232	35	0	1
233	2	13	2
233	2	13	1
233	6	6	2
233	6	6	1
233	50	0	1
233	4	11	2
233	20	1	2
234	7	20	2
235	3	6	1
235	6	6	1
235	15	19	1
235	7	0	1
235	34	35	1
235	51	35	1
235	1	1	2
235	25	1	2
235	9	0	1
235	10	0	2
235	0	0	2
235	43	1	1
235	30	15	2
236	50	0	2
236	7	20	2
237	6	6	1
238	41	1	1
238	1	1	1
238	7	1	1
238	14	14	1
238	9	1	1
238	9	1	1
238	61	17	1
238	9	17	1
238	6	6	2
238	21	48	1
238	3	48	1
238	19	14	2
238	7	14	2
238	1	14	2
238	32	14	2
238	5	14	2
238	7	10	1
238	36	0	2
238	10	0	2
238	0	0	2
238	9	1	2
238	19	14	1
238	1	14	1
238	32	14	1
238	7	0	2
238	20	17	1
238	20	17	2
238	9	9	1
238	20	17	2
238	20	17	1
238	20	17	2
238	6	6	2
238	3	6	2
238	0	20	2
238	6	6	2
238	7	10	2
238	7	10	2
238	7	10	2
238	49	17	1
238	11	1	2
238	7	0	1
238	54	12	2
238	5	26	1
238	56	1	1
238	9	9	2
238	7	32	1
238	7	0	2
238	3	13	1
238	29	13	1
238	7	10	2
238	7	0	2
238	11	1	2
238	11	1	2
238	50	0	2
238	7	0	1
238	9	17	1
238	7	0	2
238	0	0	2
238	9	10	2
238	43	1	2
238	51	35	2
238	6	6	2
238	6	6	2
238	0	0	1
238	7	3	2
238	49	10	2
238	20	10	2
238	34	35	2
238	51	35	2
238	57	35	2
238	51	35	2
238	7	0	1
238	35	0	1
238	7	9	1
238	35	0	1
239	1	1	1
239	41	1	1
239	1	1	1
239	14	14	1
239	9	1	1
239	9	1	1
239	6	6	1
239	19	14	1
239	7	14	1
239	5	14	1
239	1	14	1
239	32	14	1
239	7	42	1
239	19	14	1
239	1	14	1
239	32	14	1
239	20	17	1
239	12	27	1
239	7	10	2
239	7	10	2
239	11	1	2
239	7	18	1
239	24	18	1
239	1	18	1
239	38	7	1
239	89	7	1
239	7	32	1
239	54	39	1
239	4	4	2
239	43	1	1
239	7	10	2
239	9	10	2
239	9	10	1
239	7	10	1
239	7	20	2
239	1	10	2
239	9	10	2
239	0	0	2
239	7	3	1
239	14	14	2
239	51	35	1
240	7	0	1
240	57	35	2
240	34	35	2
241	9	10	1
242	7	20	2
242	2	13	2
242	2	13	2
242	0	13	2
243	6	6	2
243	3	6	2
243	6	5	1
243	50	0	1
243	0	0	2
244	7	3	2
244	7	3	2
244	3	3	2
245	1	1	2
245	1	1	1
245	41	1	1
245	9	17	2
245	7	42	2
245	3	42	2
245	7	42	1
245	5	3	2
245	1	3	2
245	20	17	2
245	20	17	2
245	0	20	1
245	1	14	2
245	49	17	2
245	11	1	2
245	6	5	1
245	7	32	1
245	7	23	2
245	9	0	2
245	7	3	2
245	11	1	2
245	1	1	2
245	7	38	2
245	3	38	2
245	9	17	1
245	57	35	2
245	34	35	2
245	7	13	2
245	9	10	1
245	43	1	1
245	6	6	1
245	6	6	1
245	0	0	2
245	97	14	2
245	51	35	2
245	7	22	2
246	6	6	1
246	0	0	2
246	2	13	1
246	42	13	1
246	1	13	1
246	38	13	1
246	5	13	1
246	9	13	1
247	14	14	1
247	11	1	1
247	7	10	1
247	3	6	1
247	6	6	1
247	7	0	1
247	7	0	2
247	11	1	2
247	56	1	2
247	3	13	2
247	9	0	2
247	55	12	1
247	1	1	2
247	3	13	1
247	6	6	1
247	14	14	1
248	63	13	2
248	2	13	2
249	11	1	1
249	7	3	1
249	7	3	2
249	3	3	2
250	7	0	1
250	15	19	1
250	7	6	1
250	20	1	1
250	42	1	1
250	51	35	1
250	34	35	1
250	9	0	1
250	6	6	2
250	34	35	2
250	7	26	2
250	20	1	1
250	7	10	1
251	1	1	2
251	20	1	2
251	20	1	2
251	24	26	1
251	24	26	1
251	11	1	1
251	20	1	1
251	1	1	1
251	4	4	2
251	3	6	1
251	6	6	1
251	1	1	2
251	9	1	2
251	7	10	1
251	9	10	2
251	3	13	2
251	11	1	1
251	7	32	2
251	22	19	2
251	98	19	2
251	0	0	1
251	9	0	2
251	3	13	2
251	29	13	2
251	7	10	1
251	7	3	2
251	43	1	2
251	43	1	1
251	24	13	1
251	0	0	1
251	9	10	1
251	62	0	1
251	6	6	1
251	24	31	1
251	9	0	1
251	4	11	2
251	3	3	1
251	9	10	1
251	9	10	2
251	7	22	1
251	20	17	2
251	9	10	1
252	51	35	1
252	34	35	1
252	9	0	1
253	38	1	1
253	16	23	1
253	7	10	1
253	2	13	1
253	12	27	2
253	1	29	1
253	1	29	1
253	38	29	1
253	16	23	1
253	7	10	2
253	9	10	2
253	7	40	1
253	6	40	1
253	43	1	1
253	0	20	2
253	6	6	2
253	65	1	2
253	66	1	2
253	3	1	2
253	28	1	2
253	24	1	2
253	7	9	1
254	7	3	1
254	4	4	2
255	1	1	1
255	41	1	1
255	20	1	2
255	20	1	2
255	11	1	1
255	2	13	1
255	12	27	1
255	20	17	1
255	12	27	1
255	7	0	1
255	9	0	2
255	24	18	2
255	15	19	2
256	7	0	1
256	14	14	1
256	3	13	2
256	50	0	1
256	2	13	2
256	7	10	2
256	20	1	2
256	14	14	1
257	9	0	2
257	57	35	2
257	34	35	2
257	57	35	1
257	34	35	1
258	7	3	1
258	7	20	2
259	1	1	2
259	7	10	1
259	6	6	1
259	7	10	2
259	20	17	1
259	20	1	2
259	1	1	2
259	6	6	1
259	6	6	2
259	7	0	2
259	11	1	1
259	7	32	2
259	9	0	2
259	9	1	2
259	1	1	2
259	57	35	1
259	34	35	1
259	34	35	2
259	57	35	2
259	6	6	1
259	7	10	1
259	9	10	1
259	0	0	1
259	9	1	2
259	7	3	2
259	1	1	2
260	4	11	2
261	50	0	2
262	2	13	2
263	1	1	1
263	41	1	1
263	63	13	2
263	7	13	1
263	2	13	1
263	6	6	2
263	46	17	2
263	0	0	2
263	6	6	2
263	7	14	2
263	99	35	2
264	2	13	2
265	50	0	1
266	1	14	1
266	6	6	2
267	1	14	1
267	9	0	2
267	7	22	1
268	1	1	1
268	41	1	1
268	2	13	1
269	9	10	2
269	1	1	2
269	6	5	1
270	7	20	2
270	2	13	2
270	9	0	1
270	9	1	2
270	4	4	1
271	1	1	1
271	1	1	1
271	1	1	1
271	41	1	1
271	1	13	2
271	38	1	1
271	1	1	1
271	9	1	1
271	1	7	1
271	61	17	1
271	9	17	1
271	7	0	1
271	7	26	1
271	43	1	2
271	11	1	2
271	9	10	2
271	7	42	1
271	1	18	2
271	3	6	2
271	6	6	2
271	3	6	1
271	6	6	1
271	6	5	1
271	2	13	1
271	5	13	1
271	0	20	2
271	4	11	1
271	20	1	2
271	1	1	2
271	7	29	1
271	7	29	1
271	7	10	2
271	7	10	2
271	16	23	2
271	9	20	1
271	9	20	1
271	100	25	1
271	7	0	2
271	11	1	1
271	11	1	1
271	7	10	2
271	1	0	1
271	0	20	1
271	4	11	1
271	7	0	1
271	1	36	1
271	6	6	1
271	6	5	1
271	0	0	2
271	9	17	1
271	1	1	1
271	7	40	1
271	6	40	1
271	7	26	2
271	43	1	2
271	9	3	1
271	0	0	1
271	2	13	2
271	3	13	2
271	24	31	2
271	86	25	1
271	0	0	1
271	1	12	1
271	5	12	1
271	101	1	1
271	1	14	2
271	15	19	2
271	51	35	2
271	7	3	2
271	9	1	1
271	7	22	1
271	4	4	1
272	34	35	1
272	51	35	1
272	9	0	1
272	43	1	1
272	11	1	1
272	7	10	2
273	1	1	1
273	41	1	1
273	1	14	1
273	3	13	2
274	1	1	2
274	11	1	2
274	3	26	1
274	7	10	1
274	9	15	1
274	2	13	2
274	12	27	1
274	19	14	1
274	1	14	1
274	32	14	1
274	20	17	1
274	5	13	2
274	2	13	2
274	7	1	2
274	5	26	2
274	11	1	2
274	7	0	2
274	11	1	2
274	15	19	2
274	7	32	2
274	7	3	2
274	51	35	2
274	34	35	2
274	9	0	2
274	1	1	2
274	7	1	2
274	28	13	2
274	9	17	2
274	57	35	2
274	34	35	2
274	57	35	2
274	34	35	2
274	9	10	1
274	3	13	2
274	6	6	1
274	7	3	1
274	9	10	1
274	54	12	1
274	2	13	1
274	2	13	1
274	7	22	1
274	38	13	2
274	42	13	2
274	1	13	2
274	5	13	2
274	9	13	2
274	1	1	2
274	103	14	1
275	1	1	1
275	41	1	1
275	6	6	1
276	5	3	2
276	1	1	2
276	9	1	1
276	9	1	1
276	7	49	2
276	3	26	1
276	7	10	1
276	2	13	1
276	6	6	1
276	3	6	1
276	6	5	1
276	12	27	1
276	6	6	1
276	6	6	2
276	11	1	2
276	7	0	1
276	2	26	1
276	1	18	2
276	3	13	2
276	7	3	2
276	3	13	2
276	55	12	1
276	9	17	2
276	57	35	2
276	34	35	2
276	57	35	2
276	34	35	2
276	3	13	2
276	3	13	2
276	2	13	2
276	3	13	2
276	6	6	1
276	0	0	1
276	11	1	1
276	51	35	1
276	104	0	2
276	7	0	1
276	7	9	1
277	1	3	2
278	0	0	2
278	10	0	2
278	42	13	2
278	1	13	2
278	38	13	2
278	5	13	2
278	9	13	2
279	2	13	1
279	56	1	2
279	7	18	2
279	1	18	2
279	9	0	2
279	15	19	1
280	5	3	2
280	1	1	2
280	1	1	1
280	41	1	1
280	9	1	1
280	9	1	1
280	11	1	2
280	20	1	2
280	20	1	2
280	7	10	1
280	5	3	2
280	2	13	1
280	6	50	2
280	23	50	2
280	12	27	1
280	19	14	1
280	1	14	1
280	32	14	1
280	7	20	2
280	1	20	2
280	9	20	2
280	1	3	2
280	9	0	2
280	5	26	2
280	7	28	2
280	7	28	2
280	11	1	2
280	7	0	1
280	4	11	1
280	4	11	1
280	9	1	2
280	15	19	2
280	13	1	2
280	9	17	1
280	3	13	2
280	9	0	2
280	1	1	2
280	54	39	1
280	7	40	2
280	6	40	2
280	9	14	2
280	9	17	2
280	57	35	2
280	34	35	2
280	4	11	2
280	3	3	2
280	1	1	2
280	3	13	2
280	2	13	2
280	7	50	2
280	7	10	2
280	7	10	2
280	42	13	2
280	1	13	2
280	38	13	2
280	5	13	2
280	9	13	2
280	7	9	1
281	7	10	2
282	3	6	1
282	6	6	1
282	1	14	1
282	49	17	1
282	49	17	1
282	9	0	2
282	16	23	2
282	9	17	2
282	51	35	2
282	3	13	2
282	9	10	2
283	1	1	2
283	38	1	1
283	9	1	2
283	9	1	1
283	105	0	1
283	11	1	2
283	7	10	1
283	61	17	1
283	9	17	1
283	7	10	2
283	20	4	1
283	39	37	1
283	4	4	1
283	2	13	1
283	2	13	2
283	7	0	2
283	20	1	1
283	1	1	1
283	9	0	2
283	38	7	1
283	3	13	1
283	29	13	1
283	2	13	1
283	3	6	1
283	6	6	1
283	3	38	2
283	1	3	1
283	49	17	1
283	49	17	1
283	11	1	2
283	14	14	2
283	7	0	2
283	9	10	1
283	14	14	2
283	15	19	2
283	9	10	1
283	6	5	1
283	34	35	2
283	10	0	2
283	28	1	2
283	11	1	2
283	9	1	2
283	68	26	1
283	7	26	1
283	14	26	1
283	7	3	1
283	0	0	1
283	54	39	1
283	7	3	2
283	43	1	1
283	9	17	2
283	3	3	1
283	22	36	1
283	0	0	1
283	3	13	1
283	4	11	1
283	3	13	2
283	7	25	2
283	7	10	2
283	7	10	2
283	104	0	1
283	14	14	2
283	0	0	2
283	4	4	2
283	3	13	1
284	51	35	2
285	6	6	1
285	7	8	2
285	50	0	1
286	2	13	1
286	2	13	2
286	9	3	2
286	6	6	2
286	3	6	2
286	6	6	2
286	7	3	2
286	7	3	2
286	50	0	1
286	9	10	2
286	6	6	2
286	7	3	2
286	7	3	1
286	42	13	1
286	1	13	1
286	38	13	1
286	5	13	1
286	9	13	1
287	11	1	1
287	9	10	1
287	1	1	1
287	41	1	1
287	11	1	2
287	7	0	1
287	16	23	1
287	3	6	1
287	6	6	1
287	11	1	2
287	0	0	1
287	73	0	1
287	2	13	1
287	6	5	2
288	1	10	2
288	1	10	1
288	1	1	1
288	41	1	1
288	14	14	1
288	1	7	2
288	7	0	1
288	37	7	2
288	22	19	2
288	54	7	2
288	3	26	1
288	7	0	1
288	19	14	1
288	7	14	1
288	1	14	1
288	5	14	1
288	32	14	1
288	1	14	1
288	56	1	2
288	7	42	1
288	2	13	1
288	19	14	1
288	1	14	1
288	32	14	1
288	1	1	2
288	7	10	1
288	1	3	2
288	5	3	2
288	7	38	2
288	20	1	2
288	1	1	2
288	7	10	2
288	7	10	2
288	49	17	1
288	49	17	1
288	49	17	1
288	11	1	2
288	7	20	1
288	7	20	1
288	9	20	1
288	9	20	1
288	7	0	1
288	54	12	2
288	7	3	2
288	7	3	2
288	5	26	1
288	14	14	1
288	9	10	1
288	14	14	1
288	7	3	2
288	3	13	2
288	2	13	2
288	4	11	1
288	3	13	2
288	20	17	1
288	0	0	1
288	3	13	2
288	1	1	2
288	72	1	1
288	7	3	2
288	2	13	1
288	82	10	2
288	9	1	2
288	106	4	2
288	39	1	1
288	92	1	1
288	15	19	2
288	4	4	2
288	54	12	2
288	2	13	2
288	7	9	1
288	7	1	2
288	14	14	1
288	7	3	2
288	42	13	1
288	1	13	1
288	9	13	1
288	38	13	1
288	5	13	1
288	6	6	2
289	51	35	2
290	1	1	2
291	1	1	2
291	6	10	1
291	1	14	1
291	14	14	1
291	7	0	2
291	5	3	2
291	7	0	1
291	6	5	2
291	2	13	1
291	4	11	2
291	6	6	1
291	2	13	1
291	37	12	2
291	1	12	2
291	1	3	2
291	5	3	2
291	89	11	2
291	7	38	2
291	7	1	1
291	49	17	1
291	49	17	1
291	49	17	1
291	11	1	2
291	9	20	1
291	9	20	1
291	1	1	1
291	7	0	2
291	56	1	2
291	11	1	1
291	7	3	2
291	9	0	2
291	4	4	2
291	7	3	1
291	3	3	1
291	20	17	2
291	9	17	2
291	4	11	2
291	72	1	1
291	2	13	1
291	82	10	2
291	92	1	1
291	39	1	1
291	1	1	1
291	9	1	1
291	74	3	2
291	20	3	2
291	1	3	2
291	28	3	2
291	7	22	1
291	5	13	1
291	42	13	1
291	1	13	1
291	38	13	1
291	9	13	1
292	7	3	2
292	7	3	2
292	7	3	2
292	3	3	2
293	7	10	1
293	11	1	1
293	16	23	2
293	92	1	1
293	39	1	1
294	1	1	1
294	41	1	1
294	6	6	1
294	9	20	1
294	9	20	1
294	9	6	1
294	3	6	1
294	6	6	1
294	11	1	2
294	1	1	2
294	25	1	2
294	7	0	1
294	3	6	1
294	6	6	1
294	43	1	1
294	11	1	2
294	0	0	1
294	1	1	2
294	9	10	1
294	8	0	1
294	7	10	2
294	9	10	2
295	7	3	2
296	1	1	2
296	41	1	1
296	1	1	1
296	7	10	1
296	19	14	1
296	7	14	1
296	5	14	1
296	1	14	1
296	32	14	1
296	7	20	2
296	2	13	1
296	19	14	1
296	1	14	1
296	32	14	1
296	11	1	1
296	3	6	1
296	6	6	1
296	7	0	2
296	9	0	2
296	7	0	2
296	0	0	2
296	7	22	1
296	1	13	1
296	38	13	1
296	5	13	1
296	9	13	1
296	42	13	1
297	41	1	1
297	1	1	1
298	1	1	2
298	9	10	2
298	60	1	2
298	11	1	1
298	2	13	1
298	2	13	1
298	9	0	1
298	7	14	1
298	7	0	1
298	7	1	1
298	4	4	2
298	7	10	1
298	7	10	1
298	7	0	1
298	4	4	1
298	34	35	1
298	51	35	2
298	51	35	1
298	34	35	2
298	9	0	2
298	107	51	1
298	3	13	1
298	7	12	1
298	7	40	1
298	6	40	1
298	9	17	1
298	57	35	1
298	57	35	1
298	57	35	1
298	34	35	1
298	34	35	1
298	34	35	1
298	9	10	1
298	43	1	1
298	108	1	1
298	109	1	1
298	7	20	2
298	28	0	1
298	9	1	2
298	7	10	2
298	7	10	1
298	7	10	1
298	51	35	1
298	7	22	1
298	65	1	1
298	28	1	1
298	66	1	1
298	3	1	1
298	24	1	1
298	4	4	1
298	7	9	2
298	88	0	1
299	16	23	1
299	6	6	1
299	3	6	1
299	43	1	1
299	11	1	2
299	65	1	1
299	66	1	1
299	3	1	1
299	28	1	1
299	24	1	1
299	7	10	1
300	7	3	1
301	7	10	1
301	3	13	2
302	1	1	1
302	11	1	1
302	7	20	2
302	7	42	1
302	7	1	2
302	1	14	2
302	7	10	1
302	7	10	1
302	11	1	2
302	7	0	1
302	7	6	2
302	3	14	1
302	11	1	2
302	34	35	1
302	51	35	1
302	51	35	2
302	34	35	2
302	9	0	2
302	6	5	2
302	9	17	2
302	7	10	1
302	9	10	2
302	9	10	1
302	3	13	2
302	7	10	1
302	7	10	1
302	51	35	1
302	7	22	1
302	3	15	2
302	110	1	2
303	50	0	1
304	38	1	1
304	2	13	2
304	7	0	2
304	1	18	1
304	51	35	1
304	34	35	1
304	50	0	1
304	81	0	1
304	38	21	2
304	2	13	1
304	7	0	1
304	35	0	1
305	11	1	2
305	81	1	2
305	3	13	2
306	1	1	2
306	6	10	1
306	7	10	2
306	7	42	2
306	2	13	1
306	2	13	2
306	3	13	1
306	2	13	1
306	7	3	2
306	1	3	2
306	7	1	1
306	1	14	2
306	11	1	2
306	7	0	2
306	9	0	2
306	7	3	2
306	3	3	2
306	3	3	2
306	1	3	2
306	2	3	2
306	57	35	1
306	34	35	1
306	7	10	1
306	3	3	1
306	3	13	2
306	7	10	1
306	7	10	1
306	7	22	1
307	7	20	1
307	7	0	1
307	7	10	2
307	19	14	1
307	7	14	1
307	1	14	1
307	5	14	1
307	32	14	1
307	7	20	2
307	2	13	1
308	1	1	1
308	1	1	1
308	41	1	1
308	7	10	2
308	11	1	2
308	9	10	2
308	7	10	2
308	14	14	1
308	9	0	2
308	24	13	2
308	54	39	1
308	7	40	2
308	6	40	2
308	7	4	2
308	86	7	2
308	72	1	2
308	4	11	2
308	3	13	2
308	7	0	2
308	7	10	1
308	7	26	2
308	7	0	2
308	7	10	2
308	9	17	2
308	14	14	1
308	7	22	1
309	50	0	2
310	1	1	1
310	38	1	2
310	15	52	2
310	7	52	1
310	6	52	1
310	66	52	1
310	1	52	1
310	9	0	1
310	9	10	2
310	7	38	2
310	34	35	1
310	51	35	1
310	9	0	2
310	50	0	2
310	34	35	1
310	57	35	1
310	7	3	2
310	1	18	2
311	3	6	1
311	6	6	1
311	51	35	1
311	34	35	1
311	20	1	1
311	9	1	1
311	6	6	2
312	7	3	1
313	14	14	1
314	9	15	1
314	3	6	1
314	6	6	1
314	12	27	2
314	1	29	1
314	1	29	1
314	38	29	1
314	14	14	2
314	51	35	2
314	34	35	2
314	3	3	2
314	1	1	2
314	14	14	2
314	7	22	1
315	9	0	1
315	51	35	2
315	34	35	2
315	6	6	1
316	1	1	2
316	1	1	1
316	41	1	1
316	94	45	1
316	11	1	2
316	61	17	1
316	9	17	1
316	7	42	1
316	3	6	1
316	6	6	1
316	3	38	2
316	11	1	2
316	14	14	2
316	14	14	2
316	9	25	1
316	9	25	1
316	34	35	2
316	11	1	1
316	11	1	2
316	51	35	2
316	34	35	2
316	11	1	2
316	16	23	2
316	43	1	2
316	7	0	1
316	34	35	2
316	34	35	2
316	57	35	2
316	57	35	2
316	58	1	2
316	3	13	2
316	11	1	1
316	22	36	1
316	9	1	2
316	6	6	1
316	111	53	1
316	7	10	2
316	14	14	2
316	7	22	1
316	0	0	2
316	7	9	2
317	1	1	1
317	11	1	2
317	7	10	2
317	3	6	1
317	6	6	1
317	1	14	2
317	7	10	1
317	14	14	2
317	11	1	1
317	51	35	2
317	34	35	2
317	9	0	2
317	6	6	1
317	34	35	2
317	57	35	2
317	3	13	2
317	2	13	2
317	6	6	1
317	7	35	2
317	9	10	2
317	14	14	2
317	9	10	2
318	7	0	1
318	19	14	1
318	7	14	1
318	1	14	1
318	5	14	1
318	32	14	1
318	2	13	2
318	2	13	1
318	42	0	2
318	9	0	1
318	3	6	1
318	6	6	1
318	15	19	1
318	11	1	1
318	34	35	1
318	51	35	1
318	43	1	1
319	50	0	2
320	34	35	1
320	51	35	1
320	9	0	1
320	43	1	2
320	43	1	1
320	11	1	1
320	50	0	2
320	9	10	2
320	7	3	2
321	50	0	2
322	50	0	1
323	1	1	1
323	41	1	1
323	7	3	2
323	1	3	2
323	3	3	2
323	5	3	2
323	11	1	2
323	50	0	1
323	16	23	2
323	3	13	1
323	2	13	1
323	7	3	2
324	20	1	2
324	20	1	2
324	6	6	1
324	11	1	2
325	50	0	2
326	11	1	1
326	6	6	1
326	7	22	1
327	1	1	1
327	2	13	1
327	2	13	2
327	3	13	1
327	2	13	1
327	20	17	1
327	20	17	2
327	6	6	1
327	3	6	1
327	7	38	1
327	11	1	2
327	9	20	2
327	9	20	2
327	2	26	2
327	1	1	2
327	9	0	2
327	43	1	2
327	50	0	2
327	50	0	2
327	81	0	2
327	15	19	2
327	7	0	1
328	7	3	1
328	50	0	1
329	6	6	1
330	2	13	1
330	2	13	2
330	34	35	1
330	51	35	1
330	25	1	2
330	1	1	2
330	11	1	2
330	50	0	1
330	9	10	1
331	1	14	1
331	9	1	1
332	1	14	2
333	3	6	1
333	6	6	1
333	7	6	1
333	7	3	1
333	50	0	2
334	3	6	1
334	6	6	1
334	14	14	2
334	21	13	2
334	3	13	2
334	2	13	2
334	2	13	2
335	43	1	1
335	57	35	2
335	34	35	2
335	14	14	2
336	1	13	2
336	3	13	2
336	5	13	2
336	32	13	2
336	2	13	2
336	2	13	2
336	19	14	1
336	7	14	1
336	1	14	1
336	5	14	1
336	32	14	1
336	3	6	1
336	6	6	1
336	5	13	2
336	2	13	2
336	15	19	1
336	12	27	2
336	1	14	1
336	7	0	1
336	21	13	2
336	3	13	2
336	2	13	2
336	2	13	2
336	34	35	1
336	51	35	1
336	34	35	1
336	2	13	2
336	1	1	2
336	25	1	2
336	9	0	1
336	43	1	1
336	57	35	1
336	57	35	1
336	34	35	1
336	34	35	1
336	57	35	1
336	34	35	1
336	2	13	2
337	1	14	1
338	11	1	2
338	7	3	2
338	50	0	2
339	41	1	1
339	1	1	1
339	6	6	1
339	9	17	2
339	3	13	2
339	6	6	2
339	7	0	2
340	1	1	1
340	20	0	1
340	14	14	1
340	16	23	1
340	2	13	2
340	7	0	1
340	15	19	2
340	3	38	2
340	6	6	2
340	7	0	1
340	12	27	1
340	9	17	2
340	51	35	1
340	34	35	1
340	38	0	1
340	50	0	2
340	50	0	1
340	81	0	1
340	57	35	1
340	34	35	1
340	7	0	1
340	0	0	1
340	1	1	2
340	3	26	1
340	3	13	2
340	2	13	2
340	3	13	2
340	6	6	2
340	25	0	2
340	24	18	2
340	7	0	2
340	7	22	1
340	1	13	1
340	38	13	1
340	42	13	1
340	5	13	1
340	9	13	1
340	14	14	2
341	7	3	1
341	50	0	2
341	14	14	1
342	1	1	1
342	41	1	1
342	1	1	1
342	4	4	1
342	63	13	2
342	7	42	1
342	11	1	1
342	3	14	1
342	16	23	1
342	2	13	1
342	7	1	1
342	3	6	1
342	6	6	1
342	6	6	2
342	6	6	1
342	51	35	2
342	34	35	2
342	7	40	2
342	6	40	2
342	50	0	2
342	3	14	1
342	20	14	1
342	42	14	1
342	9	14	1
342	0	0	1
342	73	0	1
342	9	0	2
342	6	6	2
342	1	12	2
342	7	10	1
342	112	13	2
343	7	0	2
343	7	32	1
343	51	35	2
343	34	35	2
343	4	11	1
343	20	17	1
343	50	0	2
343	9	10	2
343	6	6	2
343	9	10	1
343	3	13	2
343	2	13	2
343	88	0	1
344	50	0	1
345	1	1	2
345	14	14	1
345	24	26	1
345	24	26	1
345	7	10	1
345	11	1	1
345	61	17	1
345	9	17	1
345	2	13	1
345	14	14	2
345	12	27	1
345	3	38	1
345	20	1	1
345	1	1	1
345	1	14	1
345	1	1	2
345	50	0	1
345	24	13	1
345	4	4	1
345	9	10	2
345	6	6	2
345	24	31	1
345	9	10	1
345	0	0	1
345	20	1	1
345	14	14	1
345	4	4	2
346	4	4	1
346	19	14	1
346	7	14	1
346	1	14	1
346	5	14	1
346	32	14	1
346	9	15	1
346	9	3	2
346	3	6	1
346	6	6	1
346	7	0	2
346	50	0	1
346	9	10	2
347	50	0	1
348	50	0	2
348	3	13	2
348	6	6	2
348	7	20	1
348	7	0	2
349	1	1	1
349	20	0	2
349	7	1	1
349	7	0	2
349	19	14	1
349	7	14	1
349	1	14	1
349	5	14	1
349	32	14	1
349	7	42	2
349	19	14	1
349	32	14	1
349	1	14	1
349	20	17	1
349	52	1	2
349	9	1	2
349	3	38	2
349	7	0	2
349	7	3	2
349	51	35	1
349	34	35	1
349	16	23	2
349	50	0	1
349	81	0	1
349	9	17	2
349	57	35	1
349	34	35	1
349	34	35	1
349	57	35	1
349	57	35	1
349	34	35	1
349	7	13	2
349	7	0	1
349	7	0	1
349	0	0	1
349	9	10	2
349	14	14	2
349	3	13	2
349	6	6	2
349	7	20	1
349	7	10	1
349	9	10	2
349	7	10	1
349	7	0	2
349	14	14	2
350	11	1	2
351	7	20	2
351	7	13	2
352	1	1	1
352	1	8	2
352	4	4	2
352	20	1	2
352	20	1	2
352	3	14	2
352	3	14	2
352	1	26	2
352	1	1	2
352	9	15	1
352	6	0	2
352	2	13	1
352	12	27	1
352	9	10	2
352	7	10	1
352	14	14	1
352	7	0	1
352	14	14	1
352	34	35	1
352	51	35	1
352	3	13	1
352	7	35	2
352	4	35	2
352	7	40	2
352	6	40	2
352	43	1	1
352	55	12	1
352	3	13	2
352	113	0	2
352	20	17	2
352	3	13	2
352	3	3	2
352	2	3	2
352	0	0	2
352	4	11	2
352	3	3	2
352	3	3	1
352	7	10	2
352	3	13	2
352	2	13	2
352	3	13	2
352	3	3	2
352	7	10	1
352	9	10	1
352	14	14	1
352	7	14	2
353	11	1	1
353	7	10	1
353	50	0	2
353	38	13	2
353	1	13	2
353	42	13	2
353	5	13	2
353	9	13	2
354	7	10	1
354	1	1	1
354	41	1	1
354	14	14	1
354	59	3	2
354	11	1	2
354	7	10	2
354	43	1	1
354	11	1	1
354	1	14	1
354	20	1	1
354	1	1	1
354	2	13	2
354	20	1	1
354	7	10	1
354	7	0	1
354	7	0	1
354	11	1	2
354	7	0	2
354	11	1	2
354	34	35	2
354	51	35	2
354	50	0	2
354	0	0	1
354	73	0	1
354	9	17	2
354	34	35	2
354	34	35	2
354	57	35	2
354	57	35	2
354	1	1	1
354	9	1	1
354	6	6	1
354	7	10	1
354	7	22	1
354	7	9	1
355	7	3	2
355	14	14	2
355	14	14	2
356	20	1	1
357	1	1	1
357	41	1	1
357	1	1	1
357	59	3	2
357	21	48	2
357	3	48	2
357	2	13	2
357	20	17	2
357	3	6	1
357	6	6	1
357	1	1	1
357	38	14	2
357	16	23	2
357	7	0	2
357	7	6	2
357	9	10	2
357	11	1	1
357	38	7	1
357	89	7	1
357	3	13	2
357	11	1	2
357	57	35	2
357	57	35	2
357	34	35	2
357	34	35	2
357	4	11	1
357	2	13	1
357	3	13	2
357	6	6	1
357	51	35	1
358	7	3	1
359	9	10	2
359	38	1	1
359	11	1	1
359	7	3	2
359	1	3	2
359	3	3	2
359	5	3	2
359	2	13	2
359	2	13	1
359	42	0	2
359	28	10	1
359	9	10	1
359	3	13	2
359	3	3	2
359	3	3	2
359	56	1	1
359	11	1	1
359	52	1	1
359	9	0	2
359	1	25	2
359	11	1	2
359	16	23	2
359	57	35	2
359	34	35	1
359	34	35	2
359	34	35	1
359	57	35	1
359	57	35	1
359	1	0	1
359	7	0	1
359	9	0	1
359	0	0	1
359	3	26	2
359	3	13	2
359	6	6	1
359	51	35	2
359	74	3	2
359	20	3	2
359	1	3	2
359	28	3	2
359	15	19	2
360	7	0	1
360	9	0	1
360	7	0	1
360	7	22	2
361	3	6	2
361	6	6	2
361	51	35	1
361	34	35	1
361	1	1	2
361	25	1	2
361	43	1	2
361	34	35	2
361	57	35	2
361	7	10	1
361	6	6	1
361	7	10	1
361	70	14	2
361	71	14	2
362	9	20	1
362	7	10	1
362	34	35	1
362	57	35	1
362	72	1	1
362	6	6	2
362	7	22	1
363	7	0	2
364	3	6	1
364	6	6	1
364	1	25	1
364	57	35	1
364	34	35	1
364	34	35	1
364	57	35	1
364	34	35	1
364	57	35	1
365	7	0	2
365	11	1	1
366	7	10	1
366	38	1	1
366	7	20	2
366	2	13	2
366	11	4	2
366	7	3	1
366	3	3	1
366	4	11	2
367	51	35	2
368	51	35	2
369	1	1	1
369	7	1	2
369	51	35	2
369	34	35	2
369	7	10	2
369	7	10	2
369	55	12	1
369	19	18	1
369	7	18	1
369	1	18	1
369	7	10	2
369	7	55	2
369	1	10	2
369	7	10	2
369	28	25	1
370	1	1	1
370	9	10	2
370	1	1	1
370	41	1	1
370	1	14	2
370	1	14	2
370	20	1	2
370	7	10	2
370	1	10	2
370	9	10	2
370	7	14	2
370	1	13	2
370	7	10	2
370	16	23	1
370	9	15	1
370	42	0	2
370	7	10	2
370	11	1	1
370	1	18	1
370	7	10	1
370	12	27	1
370	7	18	2
370	14	14	2
370	7	18	2
370	7	13	1
370	9	17	2
370	1	1	2
370	5	1	2
370	9	1	2
370	7	10	2
370	3	3	2
370	4	11	2
370	1	12	2
370	24	31	2
370	1	0	2
370	7	10	2
370	20	0	1
370	9	0	1
370	82	0	1
370	2	0	1
370	42	0	1
370	74	3	2
370	20	3	2
370	1	3	2
370	28	3	2
370	7	9	2
371	34	35	2
371	51	35	2
371	1	10	2
371	7	10	2
371	4	4	2
372	1	1	1
372	41	1	1
372	7	10	2
372	7	42	1
372	2	13	1
372	2	13	2
372	42	0	2
372	7	10	2
372	7	10	1
372	7	13	1
372	11	1	1
372	57	35	2
372	34	35	2
372	9	2	2
372	14	14	1
372	6	5	1
372	3	13	2
372	51	35	2
373	1	1	1
373	41	1	1
373	11	1	2
373	7	10	1
373	7	10	2
373	1	3	1
373	5	3	1
373	19	10	1
373	9	20	2
373	52	1	1
373	9	1	1
373	15	19	2
373	9	20	1
373	9	20	1
373	15	19	2
373	34	35	2
373	34	35	2
373	51	35	2
373	9	0	2
373	0	0	2
373	6	6	2
373	7	40	1
373	6	40	1
373	43	1	1
373	7	3	1
373	3	3	1
373	14	14	1
373	57	35	2
373	34	35	2
373	7	3	1
373	7	10	2
373	3	13	1
373	2	13	1
373	22	36	1
373	9	0	2
373	6	6	1
373	2	13	1
373	0	0	2
373	7	0	2
373	0	0	2
373	4	4	2
373	15	19	1
373	9	10	2
374	3	13	1
374	2	13	2
375	49	17	1
375	49	17	1
375	14	14	2
376	1	1	1
376	41	1	1
376	3	6	1
376	6	6	1
376	6	6	2
376	14	14	2
376	38	13	2
376	1	13	2
376	42	13	2
376	5	13	2
376	9	13	2
377	1	1	1
377	41	1	1
377	38	1	1
377	59	3	2
377	11	1	2
377	3	26	1
377	7	10	2
377	1	3	1
377	5	3	1
377	6	6	1
377	3	6	1
377	7	28	2
377	7	28	2
377	49	17	1
377	49	17	1
377	9	10	1
377	34	35	2
377	9	0	2
377	2	26	1
377	54	39	1
377	114	1	2
377	7	3	1
377	3	3	1
377	9	17	2
377	57	35	2
377	34	35	2
377	4	4	1
377	3	3	1
377	22	36	1
377	3	13	2
377	14	14	1
377	15	19	1
377	7	10	2
377	7	10	2
377	7	0	2
377	104	0	1
377	4	4	2
377	7	9	2
378	1	1	2
378	1	1	1
378	41	1	1
378	1	1	1
378	59	3	2
378	11	1	1
378	25	14	1
378	9	15	1
378	2	13	1
378	2	13	1
378	7	10	1
378	20	17	2
378	20	17	2
378	3	6	2
378	6	6	2
378	5	13	2
378	2	13	2
378	7	38	2
378	1	1	1
378	91	24	2
378	9	10	2
378	0	0	2
378	11	1	1
378	10	0	2
378	115	0	2
378	7	32	1
378	0	0	2
378	7	14	1
378	3	14	1
378	1	14	1
378	1	25	2
378	7	1	1
378	6	1	1
378	6	1	1
378	9	1	1
378	92	13	2
378	16	23	2
378	9	10	1
378	20	1	1
378	3	3	1
378	0	20	2
378	3	13	2
378	6	6	1
378	9	10	1
378	7	0	2
378	7	22	1
378	35	0	1
379	1	1	2
379	7	32	1
379	3	13	2
379	6	6	1
380	1	1	2
380	1	1	1
380	6	6	2
380	1	1	2
380	20	0	1
380	7	1	1
380	1	1	2
380	59	3	2
380	7	49	2
380	11	1	1
380	7	0	2
380	5	3	2
380	20	20	2
380	7	24	1
380	43	1	2
380	11	1	2
380	25	14	1
380	2	13	1
380	74	35	2
380	10	0	2
380	20	17	2
380	20	17	2
380	20	17	2
380	7	8	2
380	38	8	2
380	1	8	2
380	20	20	2
380	74	35	2
380	9	35	2
380	7	38	2
380	7	1	2
380	91	24	2
380	11	1	1
380	20	20	2
380	7	0	1
380	20	20	2
380	7	10	2
380	7	32	1
380	74	1	2
380	7	1	2
380	20	1	2
380	0	0	2
380	49	10	2
380	6	5	2
380	1	1	2
380	7	40	2
380	6	40	2
380	2	13	2
380	1	25	1
380	3	38	2
380	9	17	1
380	9	10	1
380	3	25	2
380	3	13	2
380	6	6	1
380	11	1	2
380	2	13	2
380	7	0	1
380	9	10	1
380	7	0	2
381	9	15	1
381	6	6	2
381	3	6	2
381	7	32	1
381	3	13	2
381	6	6	1
382	7	3	1
382	14	14	1
383	1	1	2
383	1	1	1
383	1	1	1
383	41	1	1
383	116	24	2
383	5	24	2
383	9	24	2
383	6	6	2
383	1	1	2
383	7	1	1
383	7	0	2
383	9	10	2
383	7	3	2
383	1	3	2
383	3	3	2
383	9	3	2
383	7	28	1
383	1	28	1
383	3	28	1
383	59	3	2
383	11	1	1
383	7	0	2
383	5	3	2
383	7	24	1
383	1	1	2
383	7	24	1
383	3	26	1
383	61	17	1
383	9	17	1
383	7	35	2
383	20	17	2
383	7	10	2
383	9	10	2
383	1	1	2
383	1	1	2
383	11	1	2
383	43	1	2
383	20	3	2
383	7	3	2
383	1	28	1
383	10	0	1
383	3	1	2
383	6	0	2
383	2	13	1
383	7	10	1
383	20	17	2
383	7	13	2
383	3	13	2
383	117	13	2
383	0	0	2
383	1	1	1
383	20	1	1
383	1	1	1
383	91	24	2
383	2	13	2
383	7	10	1
383	19	10	2
383	9	10	2
383	7	10	1
383	7	10	1
383	11	1	2
383	6	6	2
383	9	20	2
383	9	20	2
383	7	0	2
383	24	20	2
383	8	0	2
383	0	0	2
383	9	1	2
383	0	0	2
383	0	0	2
383	49	10	2
383	51	35	1
383	34	35	1
383	3	13	2
383	7	3	2
383	7	18	2
383	24	18	2
383	7	40	2
383	6	40	2
383	9	0	2
383	9	17	2
383	9	1	2
383	9	10	2
383	7	10	1
383	7	3	2
383	11	1	2
383	60	10	2
383	0	0	2
383	9	10	2
383	7	10	1
383	7	10	1
383	65	1	1
383	3	1	1
383	28	1	1
383	66	1	1
383	24	1	1
383	7	23	2
383	7	13	1
383	35	0	2
384	42	0	2
384	3	6	1
384	6	6	1
384	6	6	1
384	0	0	2
385	38	1	1
385	15	19	2
385	1	18	1
385	1	18	1
385	15	19	2
385	15	19	2
385	15	19	2
385	57	35	2
385	57	35	2
385	34	35	2
385	34	35	2
385	7	0	2
385	3	3	1
385	7	22	1
386	2	13	2
386	1	1	1
386	7	0	2
387	1	1	2
387	11	1	1
387	1	1	1
387	9	26	2
387	20	1	2
387	7	1	1
387	1	14	1
387	7	42	1
387	3	1	2
387	6	0	2
387	2	13	1
387	20	17	2
387	20	17	2
387	7	38	2
387	3	38	2
387	4	11	2
387	1	14	1
387	12	4	2
387	7	0	2
387	7	3	2
387	9	13	2
387	9	17	1
387	11	1	1
387	7	20	2
387	7	0	2
387	2	13	1
387	1	1	2
387	25	1	2
387	4	35	2
387	43	1	2
387	11	1	2
387	7	40	2
387	6	40	2
387	9	1	2
387	7	13	2
387	9	13	2
387	16	23	2
387	0	0	2
387	1	18	2
387	7	18	2
387	24	18	2
387	7	10	1
387	9	10	1
387	3	26	2
387	3	26	1
387	3	13	2
387	2	13	2
387	3	3	2
387	3	13	2
387	6	6	1
387	7	6	2
387	2	13	1
387	7	10	1
387	9	10	1
387	0	0	2
387	7	0	1
387	7	18	2
387	35	0	2
387	104	0	2
388	6	6	1
388	3	13	2
389	35	0	2
390	50	0	1
391	34	35	1
391	51	35	1
391	20	1	2
392	9	10	2
392	6	6	1
392	3	3	2
392	2	3	2
392	66	1	2
392	52	1	2
392	3	1	2
392	7	13	2
392	3	13	2
392	2	13	2
392	1	29	2
392	1	29	2
392	38	29	2
392	16	23	2
392	7	8	1
392	20	17	2
392	7	9	2
392	51	35	1
392	34	35	1
392	20	17	2
392	3	13	2
392	2	13	2
392	34	35	1
392	50	0	1
392	3	3	2
392	16	23	2
392	57	35	2
392	57	35	2
392	57	35	2
392	34	35	2
392	34	35	2
392	57	35	2
392	34	35	2
392	57	35	2
392	57	35	2
392	34	35	2
392	34	35	2
392	34	35	2
392	14	14	2
392	14	14	2
392	39	14	2
392	3	13	2
392	7	0	2
392	3	13	2
392	2	13	2
392	3	3	2
392	7	10	2
392	20	17	1
392	24	31	2
392	7	3	2
392	3	1	2
392	3	13	2
392	3	3	2
392	51	35	2
392	20	1	2
392	4	4	1
393	50	0	1
393	14	14	2
394	14	14	1
395	1	1	2
395	0	1	2
395	13	1	2
395	1	1	1
395	41	1	1
395	7	1	2
395	7	17	2
395	20	17	2
395	7	35	1
395	20	17	2
395	6	6	1
395	7	35	2
395	1	35	2
395	10	35	2
395	13	35	2
395	7	0	1
395	2	13	2
395	2	13	1
395	7	17	2
395	7	10	1
395	20	17	2
395	6	6	2
395	3	6	1
395	6	6	1
395	52	1	1
395	9	1	1
395	6	6	2
395	6	5	2
395	20	17	2
395	7	1	1
395	7	0	1
395	19	0	1
395	13	1	1
395	9	20	1
395	9	20	1
395	20	1	2
395	20	1	2
395	20	17	2
395	47	24	1
395	6	6	1
395	1	25	1
395	7	11	2
395	50	0	1
395	9	1	2
395	9	1	1
395	7	17	2
395	7	0	2
395	0	0	2
395	6	6	1
395	2	13	1
395	1	10	1
395	0	0	2
395	6	32	2
395	1	25	2
395	7	25	2
395	9	25	2
395	34	56	2
395	7	0	1
395	2	13	1
396	1	1	1
396	1	1	1
396	41	1	1
396	7	1	2
396	14	14	1
396	7	42	1
396	2	13	1
396	2	13	2
396	7	20	2
396	3	10	2
396	11	1	2
396	3	13	2
396	7	3	1
396	3	3	1
396	7	3	2
396	118	2	2
396	1	36	2
396	0	0	2
396	25	0	2
396	7	10	1
396	104	0	2
397	34	35	2
398	7	22	1
399	7	0	1
399	2	13	1
400	7	3	2
401	1	14	1
401	3	3	1
401	3	13	2
401	7	22	1
402	1	1	1
402	3	31	1
402	89	31	1
402	2	31	1
402	11	1	2
402	7	10	1
402	7	3	1
402	20	3	1
402	2	13	1
402	2	13	2
402	3	13	1
402	2	13	1
402	7	0	2
402	9	20	2
402	38	7	1
402	6	6	1
402	3	6	1
402	1	14	2
402	49	17	1
402	49	17	1
402	11	1	2
402	7	3	1
402	7	0	2
402	14	14	2
402	15	19	2
402	7	3	1
402	9	10	1
402	34	35	2
402	19	18	2
402	7	18	2
402	1	18	2
402	38	18	2
402	24	18	2
402	54	39	1
402	6	6	2
402	19	18	2
402	7	18	2
402	1	18	2
402	24	18	2
402	38	18	2
402	9	1	2
402	7	18	2
402	1	18	2
402	7	3	1
402	1	3	1
402	3	3	1
402	5	3	1
402	7	13	1
402	9	17	2
402	0	0	1
402	6	6	2
402	22	36	1
402	0	0	1
402	3	13	2
402	3	13	1
402	7	10	2
402	7	10	2
402	51	35	1
402	104	0	1
402	14	14	2
402	7	0	2
402	0	0	2
402	7	0	2
402	4	4	2
402	7	9	2
403	11	1	1
403	9	15	1
403	1	14	1
403	15	19	1
403	7	6	2
403	20	1	2
404	1	1	2
404	9	10	2
404	1	1	2
404	9	1	2
404	9	1	1
404	7	10	1
404	3	26	1
404	7	10	1
404	7	10	2
404	2	13	2
404	2	13	1
404	20	17	2
404	7	0	2
404	6	6	1
404	3	6	1
404	1	14	2
404	49	17	1
404	49	17	1
404	7	0	2
404	14	14	2
404	34	35	2
404	11	1	1
404	28	1	2
404	3	26	2
404	34	35	2
404	51	35	2
404	9	0	2
404	6	6	1
404	16	23	2
404	9	17	2
404	0	0	1
404	3	13	2
404	6	6	1
404	9	10	2
404	0	0	1
404	9	1	1
404	60	10	2
404	14	14	2
404	7	0	2
404	3	13	2
404	7	0	2
404	4	4	2
405	11	1	1
405	6	6	2
405	3	6	2
405	1	14	1
405	7	10	2
405	49	17	1
405	11	1	1
405	56	1	2
405	7	10	2
405	7	6	2
405	3	6	1
405	51	35	1
405	34	35	1
405	43	1	1
405	3	13	1
405	20	1	2
406	11	1	1
406	9	10	2
406	7	1	1
406	6	10	2
406	41	1	1
406	1	1	1
406	6	6	1
406	89	4	1
406	1	1	2
406	9	1	2
406	9	1	1
406	9	4	1
406	6	6	2
406	6	6	1
406	3	6	1
406	6	6	1
406	20	17	1
406	4	4	1
406	37	7	2
406	3	14	1
406	3	13	1
406	54	7	1
406	7	28	2
406	1	28	2
406	3	28	2
406	6	6	1
406	1	1	1
406	11	1	1
406	7	0	1
406	3	26	1
406	4	4	1
406	7	0	1
406	20	0	1
406	6	6	1
406	6	6	1
406	1	14	1
406	7	3	1
406	1	1	1
406	6	6	1
406	7	10	1
406	3	26	2
406	2	26	2
406	10	0	2
406	2	13	1
406	0	0	1
406	3	26	1
406	3	13	1
406	2	13	1
406	0	0	1
406	6	6	1
406	7	10	1
406	1	1	1
406	7	10	1
406	89	4	1
406	7	10	2
406	7	0	1
406	20	1	1
406	9	9	1
406	0	0	1
406	3	6	1
406	6	5	1
406	15	19	2
406	7	0	1
406	0	20	1
406	3	38	1
406	7	18	1
406	7	18	1
406	119	0	1
406	7	10	1
406	1	4	1
406	1	4	1
406	6	6	1
406	6	5	1
406	4	4	2
406	7	10	2
406	16	23	1
406	49	17	1
406	120	14	2
406	11	1	1
406	14	14	1
406	7	11	1
406	7	11	1
406	3	26	1
406	1	1	1
406	9	1	1
406	7	0	1
406	9	1	1
406	6	5	1
406	6	1	1
406	7	8	2
406	34	35	1
406	43	1	1
406	11	1	1
406	3	6	1
406	12	27	1
406	9	3	1
406	15	19	2
406	7	6	2
406	7	14	2
406	2	26	1
406	7	3	1
406	3	3	1
406	3	13	2
406	7	3	1
406	1	1	2
406	25	1	2
406	6	6	1
406	9	0	2
406	9	23	1
406	3	23	1
406	121	23	1
406	2	23	1
406	106	4	1
406	106	11	1
406	1	3	1
406	7	0	1
406	11	1	1
406	43	1	1
406	7	3	1
406	7	20	1
406	7	20	1
406	9	20	1
406	9	20	1
406	0	0	1
406	9	17	2
406	57	35	1
406	34	35	1
406	0	0	1
406	7	0	1
406	50	0	1
406	8	0	1
406	7	28	1
406	3	13	1
406	2	13	1
406	9	1	1
406	7	14	1
406	20	3	1
406	3	13	1
406	38	13	1
406	1	13	1
406	6	6	2
406	7	3	1
406	7	10	1
406	3	26	1
406	9	10	1
406	2	13	2
406	1	17	1
406	33	17	1
406	7	10	1
406	7	28	1
406	7	9	1
406	7	10	1
407	7	3	1
407	50	0	1
408	1	1	1
408	1	1	2
408	4	4	1
408	24	26	1
408	24	26	1
408	7	3	2
408	5	3	2
408	1	3	2
408	3	3	2
408	9	15	1
408	20	17	1
408	6	6	1
408	3	6	1
408	3	38	2
408	1	14	1
408	6	6	2
408	6	6	1
408	49	17	2
408	49	17	2
408	54	12	2
408	6	5	1
408	57	35	2
408	9	10	1
408	11	1	1
408	52	1	1
408	20	1	1
408	42	1	1
408	51	35	2
408	34	35	2
408	9	0	2
408	1	23	2
408	43	1	1
408	50	0	1
408	24	13	1
408	20	1	1
408	72	1	2
408	9	10	2
408	7	10	2
408	3	13	2
408	6	6	1
408	24	31	1
408	6	6	1
408	51	35	1
408	16	23	1
408	4	11	1
408	7	22	2
408	7	1	2
408	14	14	1
409	7	22	1
410	4	11	2
410	6	6	2
410	1	14	1
410	34	35	2
410	34	35	1
410	34	35	1
410	57	35	2
410	34	35	2
410	7	35	2
410	7	3	2
410	34	35	1
410	4	4	1
411	6	6	1
412	6	6	1
412	6	6	2
413	9	15	1
413	50	0	2
413	4	4	1
414	50	0	1
415	50	0	1
415	7	22	1
416	1	14	1
416	43	1	1
417	7	3	1
417	50	0	2
418	1	1	1
418	20	0	2
418	74	35	2
418	11	1	1
418	7	32	2
418	9	0	2
418	1	1	1
418	50	0	2
418	1	5	2
418	0	0	1
418	7	10	1
418	7	10	1
418	7	22	1
419	50	0	2
419	7	13	2
419	2	13	1
420	7	10	2
421	7	10	1
421	1	1	1
421	7	10	1
421	7	1	2
421	0	0	1
421	7	10	2
421	6	6	1
421	9	15	1
421	7	42	1
421	2	13	1
421	0	20	1
421	12	27	1
421	7	1	2
421	1	14	1
421	16	23	1
421	7	10	1
421	43	1	2
421	11	1	2
421	1	1	2
421	10	0	1
421	7	57	1
421	7	40	2
421	6	40	2
421	7	3	1
421	7	3	1
421	3	3	1
421	11	1	1
421	1	40	2
421	0	0	1
421	3	26	2
421	3	3	1
421	122	17	2
421	34	35	2
421	19	21	2
421	5	21	2
421	1	10	2
421	14	14	1
421	6	5	2
421	65	1	1
421	66	1	1
421	3	1	1
421	24	1	1
421	28	1	1
421	7	9	1
421	7	23	1
422	1	1	1
422	41	1	1
422	7	10	2
423	50	0	1
424	3	26	2
425	1	1	1
425	123	26	1
425	24	18	1
425	7	10	2
425	21	48	1
425	3	48	1
425	2	13	2
425	1	14	1
425	1	14	1
425	11	1	2
425	7	10	1
425	5	26	1
425	9	9	2
425	50	0	1
425	7	10	2
425	34	35	1
425	57	35	1
425	7	0	1
425	0	0	1
425	3	13	2
425	43	1	1
425	3	13	2
425	6	6	2
425	24	31	2
425	15	19	1
425	7	0	2
425	38	13	1
425	1	13	1
425	5	13	1
425	42	13	1
425	9	13	1
425	14	14	2
426	7	10	1
426	1	1	1
426	41	1	1
426	1	8	2
426	14	14	1
426	3	13	1
426	2	13	1
426	14	14	1
426	1	8	1
426	7	10	1
426	2	3	1
427	1	1	1
427	41	1	1
427	7	10	2
427	2	13	2
427	34	35	2
427	7	0	2
427	9	17	2
427	7	0	2
427	19	0	1
427	7	0	1
427	7	18	2
427	9	10	2
428	7	3	1
429	1	8	2
429	14	14	1
429	19	10	1
429	31	7	2
429	74	35	2
429	9	35	2
429	7	0	2
429	38	1	1
429	13	1	1
429	11	1	1
429	74	35	2
429	0	35	2
429	28	35	2
429	28	35	1
429	28	14	1
429	74	1	2
429	7	1	2
429	20	1	2
429	1	12	2
429	20	17	2
429	1	3	2
429	9	3	2
429	3	13	2
429	2	13	2
429	7	10	2
429	3	13	2
429	6	6	2
430	63	13	2
430	20	1	2
431	124	11	1
432	7	10	2
433	9	10	2
433	38	1	1
433	12	27	2
433	3	6	1
433	6	6	1
433	7	3	2
433	7	1	2
433	1	1	2
433	1	1	2
433	28	1	2
433	9	1	2
433	19	0	2
433	3	3	2
433	1	3	2
433	1	3	2
433	2	3	2
433	2	3	2
433	9	24	2
433	7	0	2
433	3	13	2
433	5	26	1
433	11	1	2
433	2	13	2
433	7	17	2
433	7	0	2
433	6	32	2
433	7	40	2
433	6	40	2
433	57	35	1
433	34	35	1
433	7	0	2
433	0	0	2
433	9	10	1
433	3	13	2
433	2	13	1
433	0	0	1
433	51	35	1
433	57	35	1
433	34	35	1
433	1	14	2
433	7	3	2
433	4	4	1
433	7	10	2
433	7	10	2
433	9	10	2
433	88	0	2
434	2	13	1
434	2	13	2
435	14	14	1
435	7	10	2
436	9	15	1
437	12	27	2
438	41	1	1
438	1	1	1
438	3	26	2
438	2	26	2
438	7	3	1
438	3	3	1
438	7	0	2
438	3	13	2
438	14	14	1
439	9	15	2
440	12	27	1
440	4	11	1
440	6	6	1
441	7	3	1
442	1	1	1
442	1	1	2
442	7	10	1
442	9	26	2
442	7	10	1
442	19	14	1
442	7	14	1
442	1	14	1
442	5	14	1
442	32	14	1
442	7	3	2
442	1	3	2
442	3	3	2
442	5	3	2
442	9	10	2
442	23	0	1
442	7	42	1
442	7	18	2
442	1	18	2
442	0	20	1
442	3	13	2
442	11	1	1
442	14	14	1
442	28	14	2
442	28	35	2
442	11	1	1
442	2	26	1
442	3	13	2
442	7	3	2
442	9	0	2
442	7	3	2
442	7	18	2
442	9	1	2
442	7	27	2
442	7	18	2
442	125	14	2
442	2	3	2
442	1	18	2
442	9	1	2
442	7	11	2
442	7	18	2
442	2	13	2
442	14	14	1
442	7	22	2
442	4	4	1
442	14	14	1
442	11	1	2
443	6	6	1
443	3	6	1
443	14	14	1
443	15	19	1
444	11	1	2
444	7	3	2
444	7	3	1
444	50	0	1
445	1	1	1
445	11	1	1
445	11	1	1
445	1	1	2
445	126	17	1
445	1	1	1
445	41	1	1
445	7	1	2
445	9	1	2
445	9	1	2
445	43	1	1
445	1	7	2
445	7	10	1
445	2	13	2
445	7	18	1
445	43	1	1
445	9	15	1
445	7	42	1
445	2	13	1
445	1	14	1
445	7	10	1
445	0	0	1
445	106	4	1
445	11	1	1
445	11	1	1
445	5	13	2
445	2	13	2
445	7	0	1
445	7	1	1
445	102	19	1
445	102	19	1
445	34	35	1
445	12	27	2
445	3	6	1
445	3	28	1
445	3	6	1
445	4	4	1
445	4	4	1
445	14	14	1
445	7	40	2
445	6	40	2
445	50	0	1
445	7	0	1
445	9	17	2
445	57	35	2
445	57	35	2
445	57	35	2
445	34	35	2
445	34	35	2
445	34	35	2
445	0	0	1
445	0	0	1
445	22	19	1
445	1	7	1
445	43	1	2
445	7	18	1
445	1	18	1
445	3	13	2
445	14	14	2
445	6	6	1
445	4	4	1
445	7	10	2
445	7	10	2
445	1	1	1
445	51	35	1
445	9	0	2
445	4	4	1
445	127	54	2
445	9	10	2
446	6	6	1
446	3	6	1
446	7	32	2
446	51	35	2
446	51	35	1
446	34	35	2
446	34	35	1
446	9	0	2
446	50	0	1
446	51	35	2
446	3	13	2
446	20	1	2
446	7	22	1
447	11	1	2
447	7	3	2
447	50	0	1
448	1	1	1
448	11	1	1
448	11	1	1
448	1	1	2
448	126	17	1
448	7	1	2
448	9	1	2
448	9	1	2
448	43	1	1
448	7	10	1
448	2	13	1
448	5	13	2
448	2	13	2
448	3	13	2
448	7	10	2
448	43	1	1
448	20	1	1
448	1	1	1
448	2	13	1
448	7	10	1
448	0	0	1
448	20	1	1
448	1	1	1
448	11	1	1
448	20	1	1
448	11	1	1
448	14	14	1
448	2	13	2
448	5	13	2
448	3	38	1
448	7	1	1
448	20	1	2
448	1	1	2
448	14	14	2
448	7	0	1
448	102	19	1
448	14	14	1
448	7	8	2
448	1	1	1
448	1	1	1
448	1	1	2
448	2	13	2
448	54	39	1
448	50	0	1
448	16	23	2
448	9	17	2
448	57	35	1
448	57	35	1
448	34	35	1
448	34	35	1
448	22	19	1
448	1	26	1
448	3	3	2
448	1	1	1
448	3	13	2
448	7	14	1
448	5	21	1
448	9	1	2
448	51	35	1
448	96	23	2
448	16	23	2
448	14	14	1
448	7	10	2
448	9	10	2
448	9	10	1
449	3	6	1
449	6	6	1
449	7	32	2
449	1	1	2
449	25	1	2
449	9	0	2
449	50	0	1
449	16	23	2
449	7	0	1
449	0	0	1
449	43	1	2
449	6	6	1
449	20	1	2
450	7	10	1
450	7	1	2
450	7	26	2
450	3	26	2
450	3	1	2
450	7	38	2
450	1	38	2
450	32	38	2
450	1	14	2
450	9	14	2
450	1	1	2
450	9	1	2
450	6	6	1
450	7	28	2
450	7	28	2
450	12	27	1
450	10	0	2
450	1	0	1
450	20	32	2
450	4	4	1
450	10	0	1
450	7	18	2
450	20	17	1
450	1	13	1
450	16	23	1
450	14	14	1
450	7	9	1
450	72	1	1
450	3	13	1
450	2	13	1
450	9	0	2
450	7	6	1
450	1	14	2
450	72	1	2
450	7	3	1
450	7	0	1
450	7	22	1
451	9	3	2
451	6	6	2
451	3	6	2
451	1	1	2
451	7	32	1
451	4	11	2
451	3	13	2
451	6	6	2
452	1	1	1
452	14	14	1
452	59	3	2
452	7	0	2
452	24	26	1
452	24	26	2
452	7	10	1
452	2	13	1
452	9	3	2
452	7	20	1
452	0	20	2
452	6	6	2
452	6	6	1
452	3	13	1
452	3	13	1
452	7	0	2
452	56	1	1
452	14	14	1
452	7	8	2
452	1	1	2
452	7	32	1
452	0	0	2
452	24	13	2
452	3	13	2
452	6	6	2
452	3	13	2
452	24	31	2
452	0	0	2
452	6	5	1
452	51	35	1
452	7	3	1
452	7	0	1
452	74	3	1
452	20	3	1
452	1	3	1
452	28	3	1
452	14	14	1
453	50	0	2
454	11	1	1
454	50	0	2
455	50	0	2
456	1	14	1
456	9	15	1
456	43	1	1
457	9	15	2
458	7	0	2
459	6	6	2
459	3	6	2
459	7	0	1
459	0	0	1
459	4	11	1
460	12	27	2
460	3	6	1
460	9	0	1
461	7	1	2
461	7	3	2
461	7	3	2
462	1	1	1
462	1	1	2
462	7	10	1
462	19	14	1
462	7	14	1
462	1	14	1
462	5	14	1
462	32	14	1
462	38	14	2
462	3	13	1
462	7	10	1
462	5	13	2
462	2	13	2
462	7	38	2
462	7	10	1
462	7	0	1
462	7	10	1
462	7	10	2
462	7	8	2
462	3	13	2
462	9	0	2
462	43	1	2
462	55	12	1
462	34	35	1
462	57	35	1
462	4	4	1
462	39	1	1
462	2	13	2
462	2	13	2
462	9	10	1
462	7	10	2
462	65	1	2
462	66	1	2
462	3	1	2
462	24	1	2
462	28	1	2
462	28	1	2
462	4	4	2
462	14	14	2
463	51	35	2
463	34	35	2
463	72	1	1
464	7	1	2
464	7	3	1
464	14	14	1
465	1	1	2
465	9	10	1
465	38	1	1
465	61	17	1
465	9	17	1
465	4	11	2
465	38	1	1
465	42	0	2
465	5	13	2
465	2	13	2
465	7	3	2
465	7	3	2
465	3	3	2
465	3	3	2
465	5	3	2
465	5	3	2
465	9	20	1
465	9	20	1
465	7	0	1
465	11	1	2
465	7	41	2
465	3	13	2
465	16	23	2
465	9	0	2
465	7	0	2
465	7	40	2
465	6	40	2
465	4	4	1
465	7	10	1
465	3	13	1
465	2	13	1
465	9	10	1
465	11	1	1
465	7	10	1
465	7	10	1
465	17	14	2
465	65	1	2
465	3	1	2
465	66	1	2
465	28	1	2
465	24	1	2
466	1	14	1
466	7	6	2
466	51	35	1
466	51	35	2
466	34	35	2
466	34	35	1
466	2	13	1
466	4	11	2
467	9	15	2
467	9	17	1
467	6	6	2
467	9	10	1
468	6	0	2
468	11	1	2
468	7	3	2
468	2	13	2
468	0	0	1
469	11	1	2
469	20	58	1
469	20	3	1
469	3	26	1
469	7	29	2
469	38	29	2
469	3	13	1
469	2	13	1
469	20	17	1
469	11	1	2
469	7	0	1
469	56	1	1
469	9	24	2
469	9	1	2
469	7	1	1
469	3	13	2
469	7	3	2
469	9	0	2
469	38	8	2
469	7	40	2
469	6	40	2
469	55	12	1
469	9	17	2
469	57	35	2
469	34	35	2
469	9	10	1
469	11	1	2
469	37	12	2
469	3	13	1
469	9	17	2
469	7	10	1
469	24	26	2
469	65	1	1
469	66	1	1
469	3	1	1
469	24	1	1
469	28	1	1
469	4	4	2
470	3	6	2
470	6	6	2
471	7	10	1
472	1	14	1
472	0	0	1
473	7	22	1
474	7	22	2
475	7	8	1
476	7	18	1
476	1	18	1
476	24	18	1
477	24	18	1
478	7	22	1
479	7	8	1
480	7	8	2
481	7	22	1
482	7	22	1
483	7	22	1
484	33	17	1
485	7	8	2
486	7	22	1
487	35	20	1
488	7	18	2
488	1	18	2
488	24	18	2
489	9	1	1
489	7	1	1
489	1	1	1
489	6	1	1
490	7	8	1
491	7	22	2
492	7	22	1
493	33	17	2
493	7	8	1
494	7	22	2
495	7	22	1
496	7	22	2
497	7	22	2
498	7	18	1
498	1	18	1
498	24	18	1
498	7	18	1
498	1	18	1
498	24	18	1
499	33	17	1
500	9	10	2
501	7	8	2
502	7	22	1
503	7	22	1
504	7	8	1
505	33	17	2
505	7	8	1
506	7	8	1
507	7	8	1
508	7	22	1
509	7	22	1
510	7	22	2
511	7	22	2
512	7	22	1
513	7	22	1
514	1	12	2
515	35	20	1
516	7	22	1
517	7	8	2
518	7	8	2
519	7	22	1
520	7	22	2
521	7	8	1
522	7	22	1
523	7	8	1
524	33	17	2
525	7	22	1
526	7	8	2
527	1	1	1
528	35	20	1
529	1	1	1
530	7	8	1
530	7	22	2
531	7	22	2
532	7	22	1
533	7	8	2
534	7	22	1
535	7	22	1
536	7	18	2
536	1	18	2
536	24	18	2
537	7	8	2
538	7	8	1
539	7	22	2
540	7	22	2
541	7	22	2
542	7	22	1
543	7	22	1
544	7	22	1
545	7	22	1
546	7	8	1
547	28	0	2
548	7	8	2
549	7	22	2
550	7	8	1
551	7	22	2
552	7	22	2
553	7	22	2
554	7	22	1
555	1	1	1
556	7	8	1
557	7	22	2
558	7	22	2
559	7	22	1
560	7	8	1
561	7	8	2
562	4	4	1
563	4	4	1
564	7	22	2
565	7	8	1
566	1	1	1
567	7	8	1
568	7	8	1
569	7	8	1
570	7	22	1
571	7	22	2
572	15	19	1
573	4	4	1
574	7	8	2
575	7	8	1
576	7	22	2
577	7	22	1
578	7	22	2
579	7	8	1
580	7	18	1
580	1	18	1
580	24	18	1
581	7	22	1
582	7	22	1
583	7	22	1
584	4	4	1
585	1	1	2
586	7	22	2
587	7	22	2
588	7	22	2
589	7	8	1
590	7	22	2
591	20	20	1
592	7	22	2
593	7	8	2
594	7	22	1
595	7	22	2
596	7	8	2
597	7	22	1
598	7	8	2
599	7	22	2
600	7	22	1
601	7	8	1
602	7	18	1
602	1	18	1
602	24	18	1
603	7	22	2
604	7	22	1
605	7	22	2
606	7	8	1
607	7	22	2
608	7	18	1
608	1	18	1
608	24	18	1
608	7	18	1
608	1	18	1
608	24	18	1
608	1	18	1
609	7	8	1
610	7	8	2
611	7	22	1
612	7	8	1
613	28	0	1
614	7	22	1
615	7	22	2
616	7	22	2
617	7	8	1
618	7	22	2
619	7	22	1
620	7	8	1
621	7	22	2
622	7	22	2
623	1	1	2
624	7	22	2
625	7	8	1
626	7	18	2
626	1	18	2
626	24	18	2
626	7	18	2
626	1	18	2
626	24	18	2
627	7	8	1
628	7	22	2
629	7	8	1
630	7	22	1
631	7	8	2
632	7	8	1
633	7	8	1
634	4	4	2
635	7	22	1
636	7	22	1
637	7	22	2
638	7	22	2
639	7	8	1
640	7	8	2
641	35	20	1
642	28	0	1
643	7	22	2
644	7	22	1
645	7	8	1
646	7	8	1
647	7	22	2
648	1	18	1
648	7	18	1
648	24	18	1
648	7	22	2
649	7	8	1
650	7	22	1
651	7	8	2
652	7	8	1
653	7	22	1
654	7	8	2
655	7	22	2
656	7	22	1
657	7	8	1
658	7	8	2
659	7	22	2
660	7	8	1
661	7	8	1
662	14	14	2
663	7	18	2
663	24	18	2
663	1	18	2
663	1	18	2
663	7	18	2
663	24	18	2
664	7	22	1
665	7	22	1
666	7	22	1
667	7	22	1
668	1	1	1
669	7	22	1
670	7	22	1
671	7	22	2
672	7	22	1
673	7	8	1
674	28	0	2
675	7	22	2
676	7	8	1
677	7	8	1
678	7	22	2
679	7	22	1
680	7	22	1
681	7	8	1
682	7	22	1
683	7	8	1
684	7	22	1
685	7	8	1
686	7	22	2
687	7	22	2
688	1	1	2
689	7	22	1
690	7	22	1
691	35	20	1
692	7	8	1
693	7	22	1
694	7	8	1
695	7	22	1
696	7	22	1
697	7	22	1
698	7	22	2
699	7	8	2
700	7	22	2
701	7	22	2
702	7	22	2
703	7	22	2
704	7	8	1
705	7	22	1
706	7	22	2
707	7	8	1
708	7	8	1
709	9	10	2
710	7	22	2
711	7	22	2
712	1	1	2
712	7	8	1
713	4	4	1
714	7	20	2
715	2	14	1
715	9	24	1
715	7	3	1
715	2	14	2
716	6	6	1
717	2	3	2
717	3	3	2
718	7	20	1
719	7	10	2
719	9	10	2
719	4	4	1
720	7	18	2
720	7	10	1
721	1	12	1
722	7	26	2
722	24	13	1
722	9	24	2
722	6	6	2
723	0	0	1
723	0	20	1
723	4	4	1
724	4	4	2
724	3	13	1
724	1	12	1
725	7	18	2
725	28	13	1
725	7	10	1
725	4	4	2
726	7	9	1
726	9	9	1
726	9	1	1
726	4	4	1
727	102	19	1
728	9	10	2
728	7	10	2
729	1	1	1
729	3	1	1
729	11	1	1
730	24	18	1
730	2	13	1
730	64	13	1
730	1	13	1
730	3	13	1
730	7	0	1
730	1	1	2
731	2	3	1
731	3	3	1
732	32	14	1
732	1	14	1
732	3	14	1
732	0	0	1
732	2	13	1
732	4	4	1
732	33	17	1
732	4	4	1
732	1	19	1
732	15	19	1
732	7	3	1
732	5	3	1
732	4	4	1
732	4	4	1
732	7	10	1
732	3	14	1
732	7	3	1
732	3	13	1
732	7	0	1
732	1	0	1
732	9	0	1
732	0	0	1
732	4	4	1
732	37	12	1
732	35	0	1
732	7	3	1
732	0	20	1
732	7	0	1
732	11	1	2
732	7	3	1
732	14	14	1
732	7	0	2
732	1	1	1
732	49	1	1
732	16	23	1
732	7	10	1
732	1	14	1
732	7	0	1
732	3	3	1
732	2	3	1
732	17	14	1
732	37	12	1
732	9	9	1
732	7	9	1
733	4	4	2
733	7	11	1
733	2	13	2
733	7	0	2
733	6	6	2
733	5	0	2
733	2	13	2
733	7	10	1
733	8	0	1
733	50	0	1
733	9	24	2
733	5	12	2
733	1	12	2
733	9	1	2
733	1	1	2
733	42	1	2
733	3	1	2
733	9	1	1
733	6	0	2
733	7	8	1
734	6	6	2
735	7	0	2
735	0	0	1
735	1	3	1
735	5	3	1
735	22	19	1
735	7	18	1
735	1	40	1
735	9	0	1
735	28	25	1
735	7	25	1
735	14	14	1
735	14	14	1
735	1	14	1
735	9	24	1
735	14	14	1
735	2	3	1
735	20	17	1
735	3	13	1
735	3	14	1
735	11	1	1
735	7	10	1
735	4	4	1
735	3	13	1
735	15	19	1
735	90	0	1
735	7	1	1
735	9	1	1
735	3	1	1
735	17	14	1
735	128	0	1
735	28	1	1
735	6	6	1
736	2	14	1
736	7	10	1
737	7	14	1
738	7	10	2
738	9	10	2
739	4	4	1
739	9	10	2
739	7	10	2
739	1	18	1
739	7	18	1
739	2	26	1
739	7	18	1
739	1	18	1
739	4	4	1
740	7	1	1
740	7	10	1
741	3	13	1
741	7	3	1
741	7	3	1
741	15	19	1
741	0	0	1
742	3	13	1
742	0	0	1
743	7	22	1
743	33	17	1
744	3	3	2
744	2	3	2
745	7	20	1
746	7	20	1
746	129	17	1
746	2	14	1
747	7	20	2
747	11	1	2
748	7	10	1
749	2	13	2
750	2	3	2
750	3	3	2
751	3	26	1
751	7	22	1
752	7	20	2
753	7	10	1
754	4	4	1
755	7	20	1
756	9	1	1
756	4	4	2
757	7	20	2
758	1	1	1
759	7	22	2
760	9	3	1
760	7	3	1
760	4	4	2
760	7	13	1
760	3	13	1
760	9	11	1
760	6	18	1
760	3	3	1
760	9	24	1
760	7	3	1
760	6	6	1
760	1	1	1
760	6	6	1
760	2	3	2
760	3	3	2
760	7	10	1
760	6	6	1
761	2	3	1
761	3	3	1
762	9	10	2
762	7	10	2
762	7	20	2
763	7	10	1
764	7	0	1
764	3	3	2
764	2	3	2
765	24	13	2
766	3	3	2
766	2	3	2
767	7	22	2
768	0	0	2
768	1	18	2
768	7	18	2
768	24	18	2
769	0	0	1
769	4	4	2
770	6	6	2
771	0	0	2
771	7	20	2
772	9	24	1
773	4	4	1
774	2	3	2
774	3	3	2
775	0	0	1
776	11	1	2
777	1	1	2
778	7	10	2
778	9	10	2
779	6	6	2
780	7	20	1
781	0	0	2
782	8	0	2
782	4	4	2
782	14	14	1
782	7	0	1
782	9	10	1
782	7	0	1
782	17	14	1
782	7	1	1
782	7	0	1
783	14	14	1
783	7	0	2
784	1	1	2
785	4	4	2
785	7	10	2
785	9	10	2
785	0	20	2
785	7	3	1
785	1	12	1
785	9	10	2
785	2	3	2
785	3	3	2
786	8	0	2
786	9	17	1
786	7	3	1
787	4	4	2
787	7	0	1
787	7	3	1
787	1	1	1
787	9	1	1
787	9	10	1
787	20	20	1
788	7	10	1
789	0	0	2
789	7	0	1
789	7	14	1
790	20	17	1
790	4	4	1
791	7	9	1
791	9	9	1
792	7	20	1
792	10	20	1
792	4	4	1
793	4	4	1
794	1	1	1
795	6	32	1
796	1	1	2
797	10	0	2
798	7	10	2
799	2	3	1
799	3	3	1
800	7	22	2
801	7	20	2
802	7	22	1
803	4	4	1
804	2	3	2
804	3	3	2
805	2	3	2
805	3	3	2
806	7	22	2
807	7	20	1
808	7	0	1
809	19	10	1
810	7	22	2
811	2	3	2
811	3	3	2
812	9	24	2
812	4	4	1
813	7	20	1
814	7	22	1
815	3	10	1
815	27	28	1
816	7	20	2
817	7	0	2
817	4	4	2
817	9	10	2
817	7	10	2
817	1	1	1
817	1	7	1
817	4	4	1
818	2	3	2
818	3	3	2
819	8	0	2
819	9	1	2
820	0	0	1
821	14	14	1
822	8	0	2
823	7	0	1
823	7	10	1
824	4	4	2
825	7	18	1
825	14	14	1
826	6	6	1
827	7	22	2
828	38	8	1
828	1	8	1
828	7	8	1
828	24	13	1
828	6	5	1
828	7	25	2
828	1	12	1
828	1	18	1
828	7	18	1
828	7	0	2
828	11	1	1
828	37	12	1
828	3	5	1
828	6	5	1
828	4	11	2
828	7	13	1
829	28	24	2
829	7	24	2
829	4	4	2
830	7	0	2
831	3	13	1
831	11	1	1
831	7	3	1
831	3	3	1
831	1	3	1
831	11	1	1
831	11	1	1
831	11	1	1
831	0	0	1
831	7	20	1
831	1	12	1
831	9	10	1
831	7	0	1
831	9	24	1
831	6	6	1
831	3	13	2
831	7	21	1
831	19	21	1
831	3	21	1
831	38	21	1
831	5	21	1
831	11	1	1
831	9	10	1
831	7	20	1
831	7	3	1
831	9	1	1
831	7	10	1
831	2	14	1
831	9	13	1
832	6	6	2
833	4	4	2
834	7	10	1
835	4	4	2
836	1	7	2
837	6	6	2
838	9	10	2
838	7	10	2
838	7	20	2
838	7	10	2
838	9	10	2
838	1	25	1
838	130	25	1
838	1	7	1
839	8	0	2
839	9	10	1
839	7	10	1
839	9	3	1
839	7	3	1
839	7	10	1
840	4	4	1
841	7	20	2
842	11	1	2
843	7	20	1
844	7	10	2
844	9	10	2
844	4	4	1
845	7	0	1
