1.000000 0.637821 0.570334 0.575370 0.622887 0.667754 0.663910 0.529083 0.887086 0.549629 0.540912 0.612072 0.523796 0.650997 0.557310 0.647820 0.524215 0.592912 0.576354 0.517890 0.811957 0.589457 0.544677 0.564234 0.552847 0.626257 0.618454 0.584212 0.611348 0.652155 0.582549 0.663113 0.563673 0.602216 0.524482 0.666211 0.543209 0.633071 0.595269 0.438240 0.602458 0.557140 0.711282 0.625129 0.554948 0.312023 0.620708 0.391093 0.588570 0.644614 0.540095 0.607509 0.555450 0.296653 0.397923 0.271103 0.679160 0.530944 0.930988
0.637821 1.000000 0.624631 0.658796 0.664975 0.700529 0.713116 0.576788 0.617523 0.634844 0.655876 0.624563 0.495764 0.681810 0.569506 0.546342 0.473714 0.665420 0.616871 0.536870 0.647855 0.597120 0.522554 0.527573 0.756769 0.771640 0.606830 0.537404 0.640925 0.580603 0.653339 0.647843 0.634452 0.553654 0.519412 0.696605 0.535331 0.650843 0.600557 0.428211 0.609757 0.506524 0.648408 0.517483 0.465529 0.307053 0.607310 0.362718 0.631115 0.552055 0.536132 0.640899 0.538139 0.387670 0.475218 0.302582 0.682724 0.430210 0.678331
0.570334 0.624631 1.000000 0.555523 0.581258 0.633170 0.642310 0.443639 0.544242 0.588504 0.570630 0.596100 0.399059 0.561426 0.557493 0.559670 0.435107 0.638779 0.535947 0.465247 0.585006 0.574065 0.612927 0.532710 0.624179 0.622145 0.512554 0.520879 0.542227 0.544832 0.896160 0.518617 0.500741 0.518204 0.607017 0.646117 0.442691 0.606624 0.510930 0.455676 0.524340 0.460126 0.557067 0.498236 0.515436 0.320947 0.556102 0.374013 0.547534 0.623612 0.525712 0.543638 0.644687 0.309569 0.430345 0.222993 0.574637 0.505775 0.567133
0.575370 0.658796 0.555523 1.000000 0.588379 0.645651 0.653020 0.409807 0.540984 0.593103 0.565667 0.586969 0.397693 0.701335 0.563511 0.573807 0.440149 0.564636 0.463943 0.411298 0.621013 0.497941 0.578126 0.475141 0.677829 0.574613 0.681938 0.688650 0.749280 0.473650 0.596394 0.692109 0.705163 0.479540 0.493786 0.590087 0.418440 0.620460 0.775539 0.322459 0.570800 0.449377 0.621427 0.538763 0.506605 0.338508 0.581146 0.278877 0.680614 0.628913 0.430159 0.529197 0.481249 0.258318 0.397710 0.233778 0.636143 0.506207 0.603783
0.622887 0.664975 0.581258 0.588379 1.000000 0.598421 0.594862 0.566625 0.586352 0.552510 0.581380 0.889579 0.531616 0.554124 0.537626 0.517519 0.470675 0.615120 0.626508 0.570517 0.591064 0.654436 0.493782 0.565915 0.549974 0.641560 0.510528 0.635413 0.521275 0.674025 0.599083 0.533353 0.611556 0.593426 0.568185 0.654174 0.567608 0.866661 0.475002 0.465437 0.624958 0.573455 0.547131 0.579715 0.454254 0.258343 0.895875 0.376007 0.518056 0.530756 0.491485 0.584662 0.529553 0.375177 0.518321 0.280448 0.566379 0.544772 0.630090
0.667754 0.700529 0.633170 0.645651 0.598421 1.000000 0.976706 0.446156 0.620348 0.582554 0.580105 0.569062 0.441030 0.629667 0.591503 0.519487 0.405466 0.639630 0.540335 0.445841 0.682245 0.533142 0.534545 0.596944 0.597744 0.612433 0.592106 0.608729 0.628671 0.565538 0.611043 0.645289 0.619055 0.527044 0.570164 0.643802 0.452965 0.594987 0.638562 0.451150 0.580015 0.550936 0.656053 0.530985 0.465763 0.320331 0.563389 0.465340 0.601609 0.568651 0.536385 0.508737 0.530752 0.347303 0.372708 0.359990 0.660106 0.450240 0.663681
0.663910 0.713116 0.642310 0.653020 0.594862 0.976706 1.000000 0.460136 0.613772 0.589830 0.582127 0.565824 0.440803 0.646085 0.603699 0.513250 0.396242 0.651118 0.530214 0.450013 0.664837 0.516357 0.542604 0.592961 0.620440 0.620791 0.606165 0.601628 0.632024 0.554730 0.629999 0.652422 0.616979 0.535775 0.573353 0.647541 0.446072 0.590202 0.628005 0.457467 0.587408 0.523856 0.671901 0.546790 0.477852 0.339479 0.565502 0.475874 0.624037 0.569242 0.542674 0.502776 0.535539 0.340736 0.384385 0.369470 0.676571 0.460905 0.662239
0.529083 0.576788 0.443639 0.409807 0.566625 0.446156 0.460136 1.000000 0.521624 0.379911 0.417707 0.582420 0.905364 0.492631 0.446412 0.450659 0.537265 0.505693 0.573295 0.730861 0.554632 0.566471 0.359507 0.438044 0.483250 0.458751 0.443753 0.442481 0.414058 0.578377 0.515538 0.475875 0.394504 0.513616 0.435577 0.603665 0.820418 0.583039 0.375832 0.760574 0.479770 0.455108 0.482515 0.447249 0.537784 0.297115 0.567176 0.376374 0.413410 0.375636 0.476162 0.699643 0.650076 0.348295 0.477775 0.347316 0.521493 0.401050 0.569669
0.887086 0.617523 0.544242 0.540984 0.586352 0.620348 0.613772 0.521624 1.000000 0.542136 0.537654 0.570090 0.491690 0.620246 0.560031 0.619509 0.522521 0.530335 0.590214 0.517562 0.716249 0.587221 0.522080 0.541865 0.532120 0.569117 0.590400 0.512680 0.598657 0.596057 0.548406 0.610419 0.515537 0.606823 0.494270 0.615265 0.552174 0.594879 0.567625 0.446566 0.551070 0.550324 0.723826 0.579650 0.624358 0.324841 0.597781 0.373008 0.552784 0.612035 0.552348 0.620620 0.595914 0.283906 0.402441 0.254572 0.686695 0.461623 0.895372
0.549629 0.634844 0.588504 0.593103 0.552510 0.582554 0.589830 0.379911 0.542136 1.000000 0.862516 0.520175 0.362650 0.605363 0.510723 0.506241 0.550365 0.555345 0.638979 0.473522 0.554623 0.527882 0.531125 0.501601 0.756909 0.582734 0.578135 0.495393 0.679890 0.494973 0.588843 0.594193 0.525052 0.596279 0.534966 0.557433 0.365911 0.547092 0.665703 0.339459 0.603318 0.507169 0.619856 0.570667 0.477874 0.266000 0.537455 0.268612 0.562071 0.572504 0.529162 0.474182 0.478862 0.383507 0.404273 0.184631 0.614014 0.545739 0.561419
0.540912 0.655876 0.570630 0.565667 0.581380 0.580105 0.582127 0.417707 0.537654 0.862516 1.000000 0.565463 0.373756 0.591964 0.539704 0.527580 0.470519 0.609982 0.666816 0.526557 0.552009 0.564218 0.553291 0.559985 0.756196 0.565536 0.553254 0.543019 0.591557 0.508756 0.596088 0.574641 0.509362 0.648203 0.585169 0.557349 0.413934 0.591391 0.576915 0.370880 0.584496 0.553379 0.605504 0.624351 0.436836 0.310606 0.569369 0.324200 0.579861 0.568885 0.492264 0.507126 0.477040 0.423338 0.337326 0.255150 0.608183 0.560048 0.570072
0.612072 0.624563 0.596100 0.586969 0.889579 0.569062 0.565824 0.582420 0.570090 0.520175 0.565463 1.000000 0.542775 0.580407 0.554279 0.545181 0.464500 0.622748 0.604328 0.587435 0.617479 0.625382 0.511863 0.587235 0.556999 0.543701 0.516489 0.662963 0.506545 0.629979 0.641931 0.571538 0.580327 0.619714 0.582590 0.697124 0.578196 0.900717 0.477244 0.459487 0.549701 0.586492 0.568297 0.579330 0.487012 0.343739 0.892611 0.441175 0.510234 0.526679 0.474358 0.632626 0.525368 0.405815 0.556114 0.331515 0.603549 0.552698 0.633280
0.523796 0.495764 0.399059 0.397693 0.531616 0.441030 0.440803 0.905364 0.491690 0.362650 0.373756 0.542775 1.000000 0.451432 0.433998 0.408892 0.542713 0.445898 0.559755 0.682921 0.527168 0.555501 0.327080 0.403533 0.435896 0.434757 0.425911 0.414687 0.412962 0.555533 0.458875 0.454707 0.369992 0.454901 0.385507 0.572059 0.772078 0.531564 0.390971 0.769148 0.453459 0.460976 0.446024 0.409153 0.457497 0.302046 0.535982 0.352128 0.381379 0.359089 0.483586 0.587573 0.544229 0.348649 0.442804 0.355851 0.464404 0.361888 0.526424
0.650997 0.681810 0.561426 0.701335 0.554124 0.629667 0.646085 0.492631 0.620246 0.605363 0.591964 0.580407 0.451432 1.000000 0.659453 0.541135 0.488952 0.613108 0.562794 0.487014 0.675386 0.551872 0.499980 0.609550 0.706907 0.541911 0.898489 0.572102 0.678313 0.520473 0.585793 0.934261 0.612265 0.538482 0.529686 0.678655 0.448102 0.602061 0.733758 0.366724 0.566140 0.548176 0.665118 0.586737 0.509535 0.398609 0.554906 0.305241 0.891446 0.545641 0.452177 0.542297 0.505642 0.378269 0.394921 0.274676 0.695819 0.483676 0.690746
0.557310 0.569506 0.557493 0.563511 0.537626 0.591503 0.603699 0.446412 0.560031 0.510723 0.539704 0.554279 0.433998 0.659453 1.000000 0.445254 0.442584 0.491148 0.487028 0.440830 0.586016 0.463001 0.531591 0.710702 0.571951 0.489816 0.612230 0.472019 0.565898 0.487923 0.574216 0.640331 0.562887 0.479064 0.484016 0.563833 0.450701 0.587657 0.555647 0.354708 0.486331 0.517265 0.601810 0.502569 0.443149 0.715198 0.523993 0.309967 0.583806 0.552386 0.459741 0.484211 0.472854 0.296754 0.357589 0.324363 0.600387 0.473029 0.594882
0.647820 0.546342 0.559670 0.573807 0.517519 0.519487 0.513250 0.450659 0.619509 0.506241 0.527580 0.545181 0.408892 0.541135 0.445254 1.000000 0.441244 0.546370 0.433653 0.403840 0.717964 0.487440 0.766890 0.505266 0.508842 0.469332 0.512960 0.390459 0.664443 0.503386 0.626181 0.508862 0.468167 0.425125 0.458472 0.530611 0.502038 0.542043 0.601584 0.408952 0.514421 0.457772 0.602751 0.470571 0.499971 0.229217 0.496239 0.315904 0.530600 0.740434 0.512998 0.601609 0.518818 0.294995 0.329712 0.185314 0.572366 0.426999 0.704883
0.524215 0.473714 0.435107 0.440149 0.470675 0.405466 0.396242 0.537265 0.522521 0.550365 0.470519 0.464500 0.542713 0.488952 0.442584 0.441244 1.000000 0.451602 0.602235 0.459150 0.501256 0.530904 0.396278 0.416107 0.495649 0.420410 0.459098 0.445618 0.595555 0.540853 0.458698 0.456515 0.407697 0.528832 0.365526 0.495272 0.514047 0.486397 0.540809 0.473928 0.493421 0.580650 0.558215 0.469883 0.433224 0.184514 0.459295 0.231779 0.513634 0.509300 0.451736 0.455754 0.422409 0.260176 0.400831 0.147088 0.521446 0.469466 0.520417
0.592912 0.665420 0.638779 0.564636 0.615120 0.639630 0.651118 0.505693 0.530335 0.555345 0.609982 0.622748 0.445898 0.613108 0.491148 0.546370 0.451602 1.000000 0.589453 0.471720 0.642388 0.524635 0.544336 0.524955 0.684400 0.574026 0.552456 0.562534 0.560231 0.537251 0.657418 0.624518 0.564420 0.600308 0.681526 0.601879 0.475472 0.618977 0.563651 0.502673 0.602135 0.526988 0.554391 0.637102 0.428484 0.273864 0.607502 0.420634 0.629835 0.543723 0.449663 0.525594 0.577071 0.394842 0.404887 0.330549 0.565047 0.446377 0.600104
0.576354 0.616871 0.535947 0.463943 0.626508 0.540335 0.530214 0.573295 0.590214 0.638979 0.666816 0.604328 0.559755 0.562794 0.487028 0.433653 0.602235 0.589453 1.000000 0.626080 0.542311 0.608545 0.404153 0.487356 0.599825 0.574722 0.538492 0.517395 0.553010 0.588651 0.566774 0.576128 0.461197 0.589957 0.502623 0.598471 0.550320 0.597039 0.525427 0.494686 0.554519 0.704013 0.590748 0.510494 0.430215 0.238717 0.608490 0.339586 0.515254 0.455483 0.551291 0.535939 0.502767 0.582254 0.416182 0.266703 0.575475 0.448614 0.567308
0.517890 0.536870 0.465247 0.411298 0.570517 0.445841 0.450013 0.730861 0.517562 0.473522 0.526557 0.587435 0.682921 0.487014 0.440830 0.403840 0.459150 0.471720 0.626080 1.000000 0.486330 0.588788 0.409716 0.479310 0.517118 0.472784 0.477652 0.470928 0.424183 0.611382 0.510633 0.468497 0.372050 0.533228 0.494811 0.640579 0.674094 0.550697 0.388645 0.634111 0.438850 0.529381 0.469447 0.416187 0.574794 0.297991 0.549854 0.419840 0.424099 0.407121 0.583813 0.702032 0.627366 0.443460 0.421136 0.269774 0.520692 0.404651 0.511725
0.811957 0.647855 0.585006 0.621013 0.591064 0.682245 0.664837 0.554632 0.716249 0.554623 0.552009 0.617479 0.527168 0.675386 0.586016 0.717964 0.501256 0.642388 0.542311 0.486330 1.000000 0.530354 0.582507 0.600523 0.596752 0.551711 0.657699 0.549062 0.651850 0.579509 0.633835 0.736397 0.585203 0.501423 0.561776 0.664758 0.552078 0.629762 0.681768 0.468967 0.612100 0.557095 0.668574 0.543426 0.483910 0.325723 0.585440 0.355628 0.611672 0.648162 0.552006 0.594193 0.536281 0.361184 0.360549 0.341741 0.663127 0.464462 0.868488
0.589457 0.597120 0.574064 0.497941 0.654436 0.533142 0.516357 0.566471 0.587221 0.527882 0.564218 0.625382 0.555501 0.551872 0.463001 0.487440 0.530904 0.524635 0.608545 0.588788 0.530354 1.000000 0.493421 0.557842 0.520679 0.575512 0.511945 0.495221 0.496764 0.749040 0.568274 0.535988 0.525336 0.584315 0.503881 0.672067 0.538227 0.664350 0.503183 0.545439 0.626255 0.569813 0.568279 0.559229 0.461303 0.212438 0.650158 0.356524 0.559106 0.542397 0.521603 0.565457 0.491274 0.259696 0.372868 0.151454 0.589595 0.544018 0.562315
0.544677 0.522554 0.612927 0.578126 0.493782 0.534545 0.542604 0.359507 0.522080 0.531125 0.553291 0.511863 0.327080 0.499980 0.531591 0.766890 0.396278 0.544336 0.404153 0.409716 0.582507 0.493421 1.000000 0.527973 0.550429 0.483451 0.492679 0.367805 0.659470 0.530800 0.620807 0.484415 0.425625 0.475020 0.540284 0.543784 0.405676 0.529360 0.601451 0.357293 0.482326 0.473563 0.599011 0.480423 0.462420 0.307539 0.497872 0.325682 0.495636 0.807536 0.521602 0.550708 0.483216 0.251975 0.333769 0.143445 0.577456 0.484696 0.573473
0.564234 0.527573 0.532709 0.475141 0.565915 0.596944 0.592961 0.438044 0.541865 0.501601 0.559985 0.587235 0.403533 0.609550 0.710702 0.505266 0.416107 0.524955 0.487356 0.479310 0.600523 0.557842 0.527973 1.000000 0.523099 0.465697 0.531970 0.442526 0.527572 0.489308 0.531140 0.580552 0.497526 0.455514 0.467718 0.547034 0.434333 0.583730 0.514344 0.383796 0.566269 0.607322 0.601625 0.508493 0.426503 0.455609 0.555732 0.295684 0.546408 0.507978 0.427819 0.452557 0.441834 0.322677 0.278125 0.378893 0.617306 0.453196 0.572339
0.552847 0.756769 0.624179 0.677829 0.549974 0.597744 0.620440 0.483250 0.532120 0.756909 0.756196 0.556999 0.435896 0.706907 0.571951 0.508842 0.495649 0.684400 0.599825 0.517118 0.596752 0.520679 0.550429 0.523099 1.000000 0.632588 0.654764 0.557822 0.696070 0.496353 0.657826 0.686485 0.546259 0.582091 0.578833 0.627548 0.416946 0.573183 0.680011 0.380727 0.556980 0.491430 0.611077 0.558672 0.453574 0.318606 0.542368 0.310595 0.706679 0.570154 0.527356 0.507238 0.528145 0.377519 0.433746 0.256599 0.619288 0.469438 0.589471
0.626257 0.771640 0.622145 0.574613 0.641560 0.612433 0.620791 0.458751 0.569117 0.582734 0.565536 0.543701 0.434757 0.541911 0.489816 0.469332 0.420410 0.574026 0.574722 0.472784 0.551711 0.575512 0.483451 0.465697 0.632588 1.000000 0.519411 0.491429 0.538487 0.542332 0.598800 0.505185 0.564640 0.485641 0.413031 0.598614 0.467758 0.583684 0.505528 0.391528 0.579016 0.432251 0.540594 0.544694 0.477555 0.200358 0.584230 0.246259 0.562388 0.584121 0.483557 0.533011 0.555044 0.318698 0.351328 0.239201 0.554267 0.501716 0.589425
0.618454 0.606830 0.512555 0.681938 0.510528 0.592106 0.606165 0.443753 0.590400 0.578135 0.553254 0.516489 0.425911 0.898489 0.612230 0.512960 0.459098 0.552456 0.538492 0.477652 0.657699 0.511945 0.492679 0.531970 0.654764 0.519411 1.000000 0.547601 0.649575 0.503094 0.543918 0.903971 0.603476 0.501564 0.523423 0.621510 0.418608 0.547360 0.714640 0.331663 0.544417 0.525044 0.635524 0.562391 0.485088 0.341457 0.526967 0.273241 0.844908 0.566178 0.460986 0.498704 0.457104 0.339098 0.347584 0.287006 0.650255 0.467811 0.651034
0.584212 0.537404 0.520879 0.688650 0.635413 0.608729 0.601628 0.442481 0.512680 0.495393 0.543019 0.662963 0.414687 0.572102 0.472019 0.390459 0.445618 0.562534 0.517395 0.470928 0.549062 0.495221 0.367805 0.442526 0.557822 0.491429 0.547601 1.000000 0.481209 0.502360 0.525669 0.562791 0.592096 0.578818 0.536102 0.579067 0.428100 0.642634 0.494317 0.331352 0.489597 0.501150 0.495245 0.584610 0.477808 0.303036 0.643977 0.297955 0.563593 0.471006 0.366837 0.486875 0.469083 0.263224 0.332405 0.328413 0.550989 0.594640 0.557935
0.611348 0.640925 0.542227 0.749280 0.521275 0.628671 0.632024 0.414058 0.598657 0.679890 0.591557 0.506545 0.412962 0.678313 0.565898 0.664443 0.595555 0.560231 0.553010 0.424183 0.651850 0.496764 0.659470 0.527572 0.696070 0.538487 0.649575 0.481209 1.000000 0.512906 0.584966 0.651813 0.565639 0.478446 0.475532 0.615815 0.429181 0.545407 0.906641 0.344169 0.570047 0.527545 0.747220 0.478269 0.490448 0.296782 0.506496 0.283731 0.640487 0.707998 0.552088 0.511927 0.459801 0.336550 0.452048 0.225100 0.691720 0.418626 0.647364
0.652155 0.580603 0.544832 0.473650 0.674025 0.565538 0.554730 0.578377 0.596057 0.494973 0.508756 0.629979 0.555533 0.520473 0.487923 0.503386 0.540853 0.537251 0.588651 0.611382 0.579509 0.749040 0.530800 0.489308 0.496353 0.542332 0.503094 0.502360 0.512906 1.000000 0.590521 0.524925 0.510831 0.618843 0.586646 0.691817 0.578561 0.671724 0.504241 0.513863 0.595496 0.594220 0.555108 0.570541 0.476503 0.183664 0.656941 0.465194 0.498034 0.531414 0.509374 0.640058 0.535826 0.274859 0.466676 0.228412 0.552323 0.624012 0.626634
0.582549 0.653339 0.896160 0.596394 0.599083 0.611043 0.629999 0.515538 0.548406 0.588843 0.596088 0.641931 0.458875 0.585793 0.574216 0.626181 0.458698 0.657418 0.566774 0.510633 0.633835 0.568274 0.620807 0.531140 0.657826 0.598800 0.543918 0.525669 0.584966 0.590521 1.000000 0.558777 0.522455 0.558914 0.620546 0.676017 0.505632 0.648410 0.539061 0.440155 0.549829 0.515080 0.595064 0.558747 0.539882 0.328759 0.603552 0.418200 0.563081 0.624285 0.513490 0.635728 0.627131 0.363222 0.482194 0.268874 0.604073 0.526214 0.617330
0.663113 0.647843 0.518617 0.692109 0.533353 0.645289 0.652422 0.475875 0.610419 0.594193 0.574641 0.571538 0.454707 0.934261 0.640331 0.508862 0.456515 0.624518 0.576128 0.468497 0.736397 0.535988 0.484415 0.580552 0.686485 0.505185 0.903971 0.562791 0.651813 0.524925 0.558777 1.000000 0.600925 0.548083 0.588075 0.679400 0.432574 0.600448 0.755038 0.363287 0.562075 0.569327 0.678523 0.574477 0.473703 0.386383 0.552101 0.325480 0.843816 0.524806 0.457868 0.526572 0.470305 0.370197 0.371943 0.294335 0.695910 0.455165 0.706303
0.563673 0.634452 0.500741 0.705163 0.611556 0.619055 0.616979 0.394504 0.515537 0.525052 0.509362 0.580327 0.369992 0.612265 0.562887 0.468167 0.407697 0.564420 0.461197 0.372050 0.585203 0.525336 0.425625 0.497526 0.546259 0.564640 0.603476 0.592096 0.565639 0.510831 0.522455 0.600925 1.000000 0.454333 0.418705 0.523749 0.456255 0.566561 0.611179 0.342304 0.689687 0.411842 0.574140 0.538996 0.427454 0.299023 0.563941 0.225111 0.588113 0.475818 0.483154 0.514053 0.433974 0.252535 0.361370 0.295153 0.565292 0.564444 0.577798
0.602216 0.553654 0.518204 0.479540 0.593426 0.527044 0.535775 0.513616 0.606823 0.596279 0.648203 0.619714 0.454901 0.538482 0.479064 0.425125 0.528832 0.600308 0.589957 0.533228 0.501423 0.584315 0.475020 0.455514 0.582091 0.485641 0.501564 0.578818 0.478446 0.618843 0.558914 0.548083 0.454333 1.000000 0.633838 0.633422 0.477034 0.640693 0.458592 0.404380 0.501568 0.524409 0.633002 0.812904 0.543036 0.220936 0.647806 0.347999 0.530528 0.529219 0.482391 0.637252 0.550669 0.292594 0.370220 0.253496 0.627315 0.667029 0.604934
0.524482 0.519412 0.607017 0.493786 0.568185 0.570164 0.573353 0.435577 0.494270 0.534966 0.585169 0.582590 0.385507 0.529686 0.484016 0.458472 0.365526 0.681526 0.502623 0.494811 0.561776 0.503881 0.540284 0.467718 0.578833 0.413031 0.523423 0.536102 0.475532 0.586646 0.620546 0.588075 0.418705 0.633838 1.000000 0.554960 0.413232 0.637371 0.498301 0.433837 0.503008 0.474995 0.502673 0.586440 0.451205 0.291918 0.574866 0.463376 0.502586 0.497520 0.379968 0.517561 0.548176 0.280204 0.407389 0.243715 0.518010 0.528051 0.545717
0.666211 0.696605 0.646117 0.590087 0.654174 0.643802 0.647541 0.603665 0.615265 0.557433 0.557349 0.697124 0.572059 0.678655 0.563833 0.530611 0.495272 0.601879 0.598471 0.640579 0.664758 0.672067 0.543784 0.547034 0.627548 0.598614 0.621510 0.579067 0.615815 0.691817 0.676017 0.679400 0.523749 0.633422 0.554960 1.000000 0.551625 0.696354 0.579147 0.490911 0.572281 0.542997 0.692234 0.525334 0.563481 0.318537 0.634604 0.460920 0.629006 0.571801 0.618089 0.682316 0.564135 0.350676 0.438841 0.251273 0.802887 0.485783 0.669731
0.543209 0.535331 0.442691 0.418440 0.567608 0.452965 0.446072 0.820418 0.552174 0.365911 0.413934 0.578196 0.772078 0.448102 0.450701 0.502038 0.514047 0.475472 0.550320 0.674094 0.552078 0.538227 0.405676 0.434333 0.416946 0.467758 0.418608 0.428100 0.429181 0.578561 0.505633 0.432574 0.456255 0.477034 0.413232 0.551625 1.000000 0.561245 0.399193 0.710750 0.478502 0.463108 0.467377 0.416472 0.613063 0.352261 0.538311 0.361779 0.377108 0.427878 0.430775 0.761475 0.697717 0.364414 0.431572 0.352531 0.489171 0.405833 0.559085
0.633071 0.650843 0.606624 0.620460 0.866661 0.594987 0.590202 0.583039 0.594879 0.547092 0.591391 0.900717 0.531564 0.602061 0.587657 0.542043 0.486397 0.618977 0.597039 0.550697 0.629762 0.664350 0.529360 0.583730 0.573183 0.583684 0.547360 0.642634 0.545407 0.671724 0.648410 0.600448 0.566561 0.640693 0.637371 0.696354 0.561245 1.000000 0.513647 0.462058 0.603213 0.600085 0.598070 0.621601 0.479794 0.334018 0.889531 0.451066 0.551919 0.574457 0.465113 0.618415 0.545111 0.361644 0.574318 0.309991 0.631344 0.569791 0.665167
0.595269 0.600557 0.510930 0.775539 0.475002 0.638562 0.628005 0.375832 0.567625 0.665703 0.576915 0.477244 0.390971 0.733758 0.555647 0.601584 0.540809 0.563651 0.525427 0.388645 0.681768 0.503183 0.601451 0.514344 0.680011 0.505528 0.714640 0.494317 0.906641 0.504241 0.539061 0.755038 0.611179 0.458592 0.498301 0.579147 0.399193 0.513647 1.000000 0.333878 0.562246 0.524420 0.698756 0.480605 0.475698 0.313056 0.462458 0.312079 0.679018 0.637575 0.478926 0.486819 0.460893 0.341091 0.405573 0.244111 0.640929 0.427290 0.620660
0.438240 0.428211 0.455676 0.322459 0.465437 0.451150 0.457467 0.760574 0.446566 0.339459 0.370880 0.459487 0.769149 0.366724 0.354708 0.408952 0.473928 0.502673 0.494686 0.634111 0.468967 0.545439 0.357293 0.383796 0.380727 0.391528 0.331663 0.331352 0.344169 0.513863 0.440155 0.363287 0.342304 0.404380 0.433837 0.490911 0.710750 0.462058 0.333878 1.000000 0.426910 0.450876 0.395457 0.351587 0.445095 0.249440 0.449077 0.373596 0.327343 0.357842 0.515127 0.525460 0.620348 0.323976 0.378763 0.297985 0.388349 0.358988 0.435287
0.602458 0.609757 0.524340 0.570800 0.624958 0.580015 0.587408 0.479770 0.551070 0.603318 0.584496 0.549701 0.453459 0.566140 0.486331 0.514421 0.493421 0.602135 0.554519 0.438850 0.612100 0.626255 0.482326 0.566269 0.556981 0.579016 0.544417 0.489597 0.570047 0.595496 0.549829 0.562075 0.689687 0.501568 0.503008 0.572281 0.478502 0.603213 0.562246 0.426910 1.000000 0.460957 0.645100 0.595132 0.410113 0.202289 0.574193 0.299287 0.565268 0.529715 0.500555 0.493115 0.422953 0.253857 0.310162 0.299856 0.646494 0.521845 0.592162
0.557140 0.506524 0.460126 0.449377 0.573455 0.550936 0.523856 0.455108 0.550324 0.507169 0.553379 0.586492 0.460976 0.548176 0.517265 0.457772 0.580650 0.526988 0.704013 0.529381 0.557095 0.569813 0.473563 0.607322 0.491430 0.432251 0.525044 0.501150 0.527545 0.594220 0.515080 0.569327 0.411842 0.524409 0.474995 0.542997 0.463108 0.600085 0.524420 0.450876 0.460957 1.000000 0.566345 0.502600 0.431601 0.340236 0.589913 0.361030 0.487957 0.490212 0.449530 0.467462 0.412498 0.582937 0.353892 0.249328 0.554919 0.440790 0.564497
0.711282 0.648408 0.557067 0.621427 0.547131 0.656053 0.671901 0.482515 0.723826 0.619856 0.605504 0.568297 0.446024 0.665118 0.601810 0.602751 0.558215 0.554391 0.590748 0.469447 0.668574 0.568279 0.599011 0.601625 0.611077 0.540594 0.635524 0.495245 0.747220 0.555108 0.595064 0.678523 0.574140 0.633002 0.502673 0.692234 0.467377 0.598070 0.698756 0.395457 0.645100 0.566345 1.000000 0.592312 0.587900 0.317451 0.569425 0.352841 0.617300 0.713782 0.559973 0.571201 0.493994 0.337043 0.393837 0.297564 0.878652 0.498946 0.728478
0.625129 0.517483 0.498236 0.538763 0.579715 0.530985 0.546790 0.447249 0.579650 0.570667 0.624351 0.579330 0.409153 0.586737 0.502569 0.470571 0.469883 0.637102 0.510494 0.416187 0.543426 0.559229 0.480423 0.508493 0.558672 0.544694 0.562391 0.584610 0.478269 0.570541 0.558747 0.574477 0.538996 0.812904 0.586440 0.525334 0.416472 0.621601 0.480605 0.351587 0.595132 0.502600 0.592312 1.000000 0.523192 0.242887 0.642851 0.284097 0.607211 0.574561 0.401207 0.517198 0.500951 0.243914 0.317836 0.281279 0.606640 0.749662 0.634311
0.554948 0.465529 0.515436 0.506605 0.454254 0.465763 0.477852 0.537784 0.624358 0.477874 0.436836 0.487012 0.457497 0.509535 0.443149 0.499971 0.433224 0.428484 0.430215 0.574794 0.483910 0.461303 0.462420 0.426504 0.453574 0.477555 0.485088 0.477808 0.490448 0.476503 0.539882 0.473703 0.427454 0.543036 0.451206 0.563481 0.613063 0.479794 0.475698 0.445095 0.410113 0.431601 0.587900 0.523192 1.000000 0.350247 0.485200 0.312572 0.486746 0.531489 0.439526 0.718721 0.786353 0.238355 0.365914 0.203224 0.656495 0.495347 0.566193
0.312023 0.307053 0.320947 0.338508 0.258343 0.320331 0.339479 0.297115 0.324841 0.266000 0.310606 0.343739 0.302046 0.398609 0.715198 0.229217 0.184514 0.273864 0.238717 0.297991 0.325723 0.212438 0.307539 0.455609 0.318606 0.200358 0.341457 0.303036 0.296782 0.183664 0.328759 0.386383 0.299023 0.220936 0.291918 0.318537 0.352261 0.334018 0.313056 0.249440 0.202289 0.340236 0.317451 0.242887 0.350247 1.000000 0.259604 0.382996 0.279233 0.276825 0.212872 0.310793 0.298509 0.310736 0.331448 0.352788 0.355361 0.218919 0.334167
0.620708 0.607310 0.556102 0.581146 0.895875 0.563389 0.565502 0.567176 0.597781 0.537455 0.569369 0.892611 0.535982 0.554906 0.523993 0.496238 0.459295 0.607502 0.608490 0.549854 0.585440 0.650158 0.497872 0.555732 0.542368 0.584230 0.526967 0.643977 0.506496 0.656941 0.603552 0.552101 0.563941 0.647806 0.574866 0.634604 0.538311 0.889531 0.462458 0.449077 0.574193 0.589913 0.569425 0.642850 0.485200 0.259604 1.000000 0.346662 0.515649 0.550584 0.455730 0.584609 0.502818 0.316443 0.501924 0.258267 0.590285 0.597488 0.639280
0.391093 0.362718 0.374013 0.278877 0.376007 0.465340 0.475875 0.376374 0.373008 0.268612 0.324201 0.441175 0.352128 0.305241 0.309967 0.315904 0.231779 0.420634 0.339586 0.419840 0.355628 0.356524 0.325682 0.295684 0.310595 0.246259 0.273241 0.297955 0.283731 0.465194 0.418200 0.325480 0.225111 0.347999 0.463376 0.460920 0.361779 0.451066 0.312079 0.373596 0.299287 0.361030 0.352841 0.284097 0.312572 0.382996 0.346662 1.000000 0.230360 0.242955 0.303426 0.371534 0.366182 0.468790 0.542229 0.362259 0.382497 0.264995 0.389428
0.588570 0.631115 0.547534 0.680614 0.518056 0.601609 0.624037 0.413410 0.552784 0.562071 0.579861 0.510234 0.381379 0.891446 0.583806 0.530600 0.513634 0.629835 0.515254 0.424099 0.611672 0.559106 0.495636 0.546408 0.706679 0.562388 0.844908 0.563593 0.640487 0.498034 0.563081 0.843816 0.588113 0.530528 0.502586 0.629006 0.377108 0.551919 0.679018 0.327343 0.565268 0.487957 0.617300 0.607211 0.486746 0.279233 0.515649 0.230360 1.000000 0.558341 0.464936 0.474222 0.486273 0.289142 0.336513 0.240512 0.657911 0.507112 0.612407
0.644614 0.552055 0.623612 0.628913 0.530756 0.568651 0.569241 0.375636 0.612035 0.572504 0.568885 0.526679 0.359089 0.545641 0.552386 0.740434 0.509300 0.543723 0.455483 0.407121 0.648162 0.542397 0.807536 0.507978 0.570154 0.584120 0.566178 0.471006 0.707998 0.531414 0.624285 0.524806 0.475818 0.529219 0.497520 0.571801 0.427878 0.574457 0.637575 0.357842 0.529715 0.490212 0.713782 0.574561 0.531489 0.276825 0.550584 0.242955 0.558341 1.000000 0.492831 0.532982 0.511823 0.231081 0.302617 0.131798 0.663802 0.544094 0.658809
0.540095 0.536132 0.525712 0.430159 0.491485 0.536385 0.542674 0.476162 0.552348 0.529162 0.492264 0.474358 0.483586 0.452177 0.459741 0.512998 0.451736 0.449663 0.551291 0.583813 0.552006 0.521603 0.521602 0.427819 0.527356 0.483557 0.460986 0.366837 0.552088 0.509374 0.513490 0.457868 0.483154 0.482391 0.379968 0.618089 0.430775 0.465113 0.478926 0.515127 0.500555 0.449530 0.559973 0.401207 0.439526 0.212872 0.455730 0.303426 0.464936 0.492831 1.000000 0.503354 0.493719 0.300234 0.329307 0.201499 0.566857 0.378373 0.554527
0.607509 0.640899 0.543638 0.529197 0.584662 0.508737 0.502776 0.699643 0.620620 0.474182 0.507126 0.632626 0.587573 0.542297 0.484211 0.601609 0.455754 0.525594 0.535939 0.702032 0.594193 0.565457 0.550708 0.452557 0.507238 0.533011 0.498704 0.486875 0.511927 0.640058 0.635728 0.526572 0.514053 0.637252 0.517561 0.682316 0.761475 0.618415 0.486819 0.525460 0.493115 0.467462 0.571201 0.517198 0.718721 0.310793 0.584609 0.371534 0.474222 0.532982 0.503354 1.000000 0.767515 0.319454 0.426376 0.226340 0.613175 0.480625 0.661659
0.555450 0.538139 0.644687 0.481249 0.529553 0.530752 0.535539 0.650076 0.595914 0.478862 0.477040 0.525368 0.544229 0.505642 0.472854 0.518818 0.422409 0.577071 0.502767 0.627366 0.536281 0.491274 0.483216 0.441834 0.528145 0.555044 0.457104 0.469083 0.459801 0.535826 0.627131 0.470305 0.433974 0.550669 0.548176 0.564135 0.697717 0.545111 0.460893 0.620348 0.422953 0.412498 0.493994 0.500951 0.786353 0.298509 0.502818 0.366183 0.486273 0.511823 0.493719 0.767515 1.000000 0.310367 0.386727 0.271343 0.514799 0.475479 0.563864
0.296653 0.387670 0.309569 0.258318 0.375177 0.347303 0.340736 0.348295 0.283906 0.383507 0.423338 0.405815 0.348649 0.378269 0.296754 0.294995 0.260176 0.394842 0.582254 0.443460 0.361184 0.259696 0.251975 0.322677 0.377519 0.318698 0.339098 0.263224 0.336550 0.274859 0.363222 0.370197 0.252535 0.292594 0.280204 0.350676 0.364414 0.361644 0.341091 0.323976 0.253857 0.582937 0.337043 0.243914 0.238355 0.310736 0.316443 0.468790 0.289142 0.231081 0.300234 0.319454 0.310367 1.000000 0.373272 0.431717 0.335389 0.209177 0.320588
0.397923 0.475218 0.430345 0.397710 0.518321 0.372708 0.384385 0.477775 0.402441 0.404273 0.337326 0.556114 0.442804 0.394921 0.357589 0.329712 0.400831 0.404887 0.416183 0.421136 0.360549 0.372868 0.333769 0.278125 0.433746 0.351328 0.347584 0.332405 0.452048 0.466676 0.482194 0.371943 0.361370 0.370220 0.407389 0.438841 0.431572 0.574318 0.405573 0.378763 0.310162 0.353892 0.393837 0.317836 0.365914 0.331448 0.501924 0.542229 0.336513 0.302616 0.329307 0.426376 0.386727 0.373272 1.000000 0.361815 0.390128 0.270974 0.436611
0.271103 0.302582 0.222993 0.233778 0.280448 0.359990 0.369470 0.347316 0.254572 0.184631 0.255150 0.331515 0.355851 0.274676 0.324363 0.185314 0.147088 0.330549 0.266703 0.269774 0.341741 0.151454 0.143445 0.378893 0.256599 0.239201 0.287006 0.328413 0.225100 0.228412 0.268874 0.294335 0.295153 0.253496 0.243715 0.251273 0.352531 0.309991 0.244111 0.297986 0.299856 0.249328 0.297564 0.281279 0.203224 0.352788 0.258267 0.362259 0.240512 0.131798 0.201499 0.226340 0.271343 0.431717 0.361815 1.000000 0.303484 0.227026 0.295378
0.679160 0.682724 0.574637 0.636143 0.566379 0.660106 0.676571 0.521493 0.686695 0.614014 0.608183 0.603549 0.464404 0.695819 0.600387 0.572366 0.521446 0.565047 0.575475 0.520692 0.663127 0.589595 0.577456 0.617306 0.619288 0.554267 0.650255 0.550989 0.691720 0.552323 0.604073 0.695910 0.565292 0.627315 0.518010 0.802887 0.489171 0.631344 0.640930 0.388349 0.646494 0.554919 0.878652 0.606640 0.656495 0.355361 0.590285 0.382497 0.657911 0.663802 0.566857 0.613175 0.514799 0.335389 0.390128 0.303484 1.000000 0.525709 0.727712
0.530944 0.430210 0.505775 0.506207 0.544772 0.450240 0.460905 0.401050 0.461623 0.545739 0.560048 0.552698 0.361888 0.483676 0.473029 0.426999 0.469466 0.446377 0.448614 0.404651 0.464462 0.544018 0.484696 0.453196 0.469438 0.501716 0.467811 0.594640 0.418626 0.624012 0.526214 0.455165 0.564444 0.667029 0.528051 0.485783 0.405833 0.569791 0.427289 0.358988 0.521845 0.440790 0.498946 0.749662 0.495347 0.218919 0.597488 0.264995 0.507112 0.544094 0.378373 0.480625 0.475479 0.209177 0.270974 0.227026 0.525709 1.000000 0.512247
0.930988 0.678331 0.567133 0.603783 0.630090 0.663681 0.662239 0.569669 0.895372 0.561419 0.570072 0.633280 0.526424 0.690746 0.594882 0.704883 0.520417 0.600104 0.567308 0.511725 0.868488 0.562315 0.573473 0.572339 0.589471 0.589425 0.651034 0.557935 0.647364 0.626634 0.617330 0.706303 0.577798 0.604934 0.545717 0.669731 0.559086 0.665167 0.620660 0.435287 0.592162 0.564497 0.728478 0.634311 0.566193 0.334167 0.639280 0.389428 0.612407 0.658809 0.554527 0.661659 0.563864 0.320588 0.436611 0.295378 0.727712 0.512247 1.000000
