1	0.337837838	0.350649351	0.432835821	0.325301205	0.326530612	0.2375	0.2375	0.225352113	0.326923077	0.257142857	0.880952381	0.336956522	0.208333333	0.313253012	0.320754717	0.324324324	0.298850575	0.465517241	0.211538462	0.136986301	0.695652174	0.019607843	0.222222222	0.744680851	0.38	0.236111111	0.2375	0.157303371	0.105263158	0.229885057	0.4375	0.730769231	0.454545455	0.432835821	0.1875	0.432835821	0.304347826	0.37704918	0.492753623	0.166666667	0.256097561	0.149253731	0.525423729	0.25	0.231707317	0.34	0.227848101	0.428571429	0.246575342	0.213333333	0.225806452	0.353658537	0.27173913	0.326923077	0.222222222	0.269230769	0.35443038	0.35443038	0.353846154	0.275	0.215189873	0.3375	0.275862069	0.214285714	0.461538462	0.314285714	0.591836735	0.455882353	0.219512195	0.770833333	0.302325581	0.226190476	0.515151515	0.297619048	0.216666667	0.515151515	0.189189189	0.342105263	0.362068966	0.45	0.461538462	0.139240506	0.507246377	0.328125	0.28358209	0.191780822	0.246153846	0.394736842	0.279411765	0.238636364	0.430379747
0.337837838	1	0.518518519	0.575342466	0.6125	0.37704918	0.594594595	0.594594595	0.492957746	0.419354839	0.597014925	0.342465753	0.543478261	0.432432432	0.620253165	0.435483871	0.983050847	0.571428571	0.424657534	0.223880597	0.275	0.347222222	0.044117647	0.421686747	0.402777778	0.396825397	0.384615385	0.594594595	0.29787234	0.337662338	0.518072289	0.541666667	0.397435897	0.493506494	0.575342466	0.407407407	0.575342466	0.493150685	0.537313433	0.605263158	0.432835821	0.584415584	0.391304348	0.379746835	0.525641026	0.578947368	0.409836066	0.487179487	0.557142857	0.392405063	0.428571429	0.414893617	0.805555556	0.47826087	0.419354839	0.315068493	0.532467532	0.615384615	0.615384615	0.528571429	0.571428571	0.493506494	0.536585366	0.309859155	0.424657534	0.52	0.441558442	0.347222222	0.594594595	0.451219512	0.424657534	0.209677419	0.469879518	0.586666667	0.6	0.373134328	0.586666667	0.445945946	0.53164557	0.324324324	0.132352941	0.52	0.493150685	0.597402597	0.529411765	0.544117647	0.514285714	0.5625	0.893939394	0.432432432	0.406593407	0.714285714
0.350649351	0.518518519	1	0.518987342	0.634146341	0.328358209	0.5375	0.5375	0.48	0.347826087	0.577464789	0.320512821	0.615384615	0.321428571	0.6625	0.402985075	0.525	0.593023256	0.434210526	0.144736842	0.244186047	0.324675325	0.027027027	0.556962025	0.325	0.347826087	0.430379747	0.5375	0.295918367	0.301204819	0.55952381	0.487179487	0.373493976	0.411764706	0.518987342	0.367816092	0.518987342	0.676470588	0.479452055	0.5875	0.463768116	0.530120482	0.278481013	0.390243902	0.722222222	0.506024096	0.358208955	0.551282051	0.461538462	0.455696203	0.597222222	0.533333333	0.666666667	0.602272727	0.347826087	0.364864865	0.556962025	0.471910112	0.471910112	0.534246575	0.575	0.481481481	0.658227848	0.240506329	0.415584416	0.4	0.380952381	0.324675325	0.576923077	0.55	0.379746835	0.230769231	0.530120482	0.55	0.727272727	0.366197183	0.55	0.382716049	0.465116279	0.492753623	0.223880597	0.4	0.407407407	0.580246914	0.434210526	0.447368421	0.405063291	0.438356164	0.56626506	0.37037037	0.385416667	0.670731707
0.432835821	0.575342466	0.518987342	1	0.482352941	0.421052632	0.513157895	0.513157895	0.320512821	0.49122807	0.485714286	0.417910448	0.561797753	0.373333333	0.488095238	0.50877193	0.561643836	0.5	0.553846154	0.234375	0.2375	0.446153846	0.046153846	0.385542169	0.507692308	0.49122807	0.363636364	0.513157895	0.239583333	0.25	0.382022472	0.862068966	0.514285714	0.623188406	1	0.305882353	1	0.492957746	0.5625	0.608108108	0.273972603	0.4875	0.291666667	0.394736842	0.487179487	0.4625	0.456140351	0.329411765	0.859649123	0.371794872	0.320987654	0.326530612	0.5875	0.461538462	0.49122807	0.367647059	0.474358974	0.5375	0.5375	0.625	0.456790123	0.365853659	0.413793103	0.40625	0.2625	0.632352941	0.384615385	0.362318841	0.916666667	0.303370787	0.553846154	0.24137931	0.367816092	0.589041096	0.506024096	0.328358209	0.589041096	0.424657534	0.372093023	0.319444444	0.193548387	0.632352941	0.325	0.621621622	0.553846154	0.416666667	0.337662338	0.347222222	0.584415584	0.373333333	0.344086022	0.6125
0.325301205	0.6125	0.634146341	0.482352941	1	0.283783784	0.592592593	0.592592593	0.481012658	0.32	0.573333333	0.313253012	0.627659574	0.376470588	0.7375	0.369863014	0.6	0.702380952	0.474358974	0.1625	0.284090909	0.285714286	0.078947368	0.6125	0.317647059	0.356164384	0.43373494	0.592592593	0.357142857	0.443037975	0.65060241	0.435294118	0.395348837	0.431818182	0.482352941	0.488095238	0.482352941	0.643835616	0.461538462	0.564705882	0.445945946	0.641975309	0.426666667	0.379310345	0.780821918	0.617283951	0.310810811	0.5875	0.428571429	0.44047619	0.53164557	0.44	0.639534884	0.651685393	0.32	0.371794872	0.554216867	0.539325843	0.539325843	0.493670886	0.783783784	0.555555556	0.7125	0.238095238	0.402439024	0.453488372	0.452380952	0.333333333	0.535714286	0.604938272	0.352941176	0.194444444	0.528735632	0.547619048	0.782051282	0.391891892	0.547619048	0.552631579	0.609756098	0.434210526	0.157894737	0.453488372	0.481481481	0.558139535	0.455696203	0.487179487	0.539473684	0.5	0.658536585	0.426829268	0.494623656	0.662790698
0.326530612	0.37704918	0.328358209	0.421052632	0.283783784	1	0.333333333	0.333333333	0.263157895	0.862068966	0.351851852	0.306122449	0.255813953	0.24137931	0.287671233	0.774193548	0.360655738	0.256410256	0.25	0.230769231	0.0625	0.340425532	0.027777778	0.217391304	0.367346939	0.5	0.15625	0.333333333	0.142857143	0.095238095	0.179487179	0.425925926	0.315789474	0.35	0.421052632	0.176470588	0.421052632	0.315789474	0.533333333	0.275362319	0.169811321	0.333333333	0.291666667	0.271186441	0.268656716	0.323076923	0.925925926	0.28125	0.442307692	0.151515152	0.1875	0.192771084	0.315068493	0.259259259	0.862068966	0.169811321	0.272727273	0.243243243	0.243243243	0.377358491	0.279411765	0.246153846	0.277777778	0.204081633	0.206896552	0.355932203	0.203125	0.285714286	0.4	0.148648649	0.346153846	0.322580645	0.205479452	0.287878788	0.27027027	0.208333333	0.287878788	0.303571429	0.191780822	0.20754717	0.131578947	0.355932203	0.229508197	0.289855072	0.52173913	0.314814815	0.263157895	0.346938776	0.338235294	0.180327869	0.205128205	0.306666667
0.2375	0.594594595	0.5375	0.513157895	0.592592593	0.333333333	1	1	0.472222222	0.396825397	0.426666667	0.209876543	0.613636364	0.394736842	0.542168675	0.348484848	0.581081081	0.736842105	0.405405405	0.171428571	0.291139241	0.2125	0.059701493	0.475	0.24691358	0.313432836	0.402597403	1	0.311827957	0.450704225	0.555555556	0.441558442	0.297619048	0.385542169	0.513157895	0.425	0.513157895	0.472972973	0.430555556	0.469879518	0.352112676	0.820895522	0.476923077	0.26744186	0.506329114	0.875	0.365079365	0.487179487	0.453333333	0.428571429	0.447368421	0.4	0.56626506	0.446808511	0.396825397	0.352112676	0.552631579	0.5	0.5	0.445945946	0.49382716	0.402439024	0.555555556	0.291666667	0.316455696	0.390243902	0.353658537	0.227848101	0.493670886	0.4	0.316455696	0.19047619	0.487804878	0.451219512	0.542168675	0.352941176	0.451219512	0.465753425	0.423529412	0.240506329	0.026666667	0.390243902	0.535211268	0.481927711	0.424657534	0.544117647	0.452054795	0.449275362	0.5625	0.413333333	0.391304348	0.552941176
0.2375	0.594594595	0.5375	0.513157895	0.592592593	0.333333333	1	1	0.472222222	0.396825397	0.426666667	0.209876543	0.613636364	0.394736842	0.542168675	0.348484848	0.581081081	0.736842105	0.405405405	0.171428571	0.291139241	0.2125	0.059701493	0.475	0.24691358	0.313432836	0.402597403	1	0.311827957	0.450704225	0.555555556	0.441558442	0.297619048	0.385542169	0.513157895	0.425	0.513157895	0.472972973	0.430555556	0.469879518	0.352112676	0.820895522	0.476923077	0.26744186	0.506329114	0.875	0.365079365	0.487179487	0.453333333	0.428571429	0.447368421	0.4	0.56626506	0.446808511	0.396825397	0.352112676	0.552631579	0.5	0.5	0.445945946	0.49382716	0.402439024	0.555555556	0.291666667	0.316455696	0.390243902	0.353658537	0.227848101	0.493670886	0.4	0.316455696	0.19047619	0.487804878	0.451219512	0.542168675	0.352941176	0.451219512	0.465753425	0.423529412	0.240506329	0.026666667	0.390243902	0.535211268	0.481927711	0.424657534	0.544117647	0.452054795	0.449275362	0.5625	0.413333333	0.391304348	0.552941176
0.225352113	0.492957746	0.48	0.320512821	0.481012658	0.263157895	0.472222222	0.472222222	1	0.288135593	0.439393939	0.246376812	0.397849462	0.342857143	0.487179487	0.327586207	0.5	0.428571429	0.277777778	0.111111111	0.184210526	0.214285714	0.035087719	0.413333333	0.236111111	0.245901639	0.263157895	0.472222222	0.428571429	0.467741935	0.443037975	0.356164384	0.197530864	0.320512821	0.320512821	0.64516129	0.320512821	0.426470588	0.358208955	0.30952381	0.4	0.447368421	0.4	0.227848101	0.426666667	0.479452055	0.298245614	0.507246377	0.328767123	0.289473684	0.53125	0.423529412	0.512820513	0.362637363	0.288135593	0.2	0.413333333	0.407407407	0.407407407	0.266666667	0.513888889	0.410958904	0.605633803	0.157142857	0.373134328	0.307692308	0.302631579	0.231884058	0.325	0.550724638	0.194805195	0.26	0.447368421	0.320987654	0.432098765	0.355932203	0.320987654	0.484375	0.434210526	0.28358209	0.203703704	0.307692308	0.616666667	0.321428571	0.333333333	0.5	0.740740741	0.491525424	0.527027027	0.402985075	0.364705882	0.5
0.326923077	0.419354839	0.347826087	0.49122807	0.32	0.862068966	0.396825397	0.396825397	0.288135593	1	0.4	0.307692308	0.302325581	0.245901639	0.306666667	0.84375	0.403225806	0.307692308	0.298245614	0.209302326	0.058823529	0.367346939	0.025	0.23943662	0.392156863	0.567567568	0.147058824	0.396825397	0.164556962	0.140625	0.2	0.5	0.338983051	0.393442623	0.49122807	0.2	0.49122807	0.362068966	0.622222222	0.295774648	0.157894737	0.373134328	0.32	0.295081967	0.308823529	0.363636364	0.931034483	0.264705882	0.519230769	0.15942029	0.212121212	0.211764706	0.351351351	0.277108434	1	0.178571429	0.275362319	0.246753247	0.246753247	0.4	0.3	0.268656716	0.297297297	0.26	0.193548387	0.4	0.246153846	0.31372549	0.442622951	0.171052632	0.37037037	0.363636364	0.210526316	0.308823529	0.306666667	0.192307692	0.308823529	0.327586207	0.213333333	0.192982456	0.119047619	0.4	0.253968254	0.309859155	0.608695652	0.339285714	0.288135593	0.346153846	0.376811594	0.1875	0.225	0.342105263
0.257142857	0.597014925	0.577464789	0.485714286	0.573333333	0.351851852	0.426666667	0.426666667	0.439393939	0.4	1	0.279411765	0.471910112	0.301369863	0.519480519	0.471698113	0.606060606	0.457831325	0.388059701	0.183333333	0.181818182	0.303030303	0.016949153	0.445945946	0.285714286	0.375	0.347222222	0.426666667	0.247191011	0.277777778	0.402439024	0.470588235	0.289473684	0.386666667	0.485714286	0.337662338	0.485714286	0.606557377	0.586206897	0.520547945	0.349206349	0.423076923	0.268656716	0.306666667	0.611940299	0.415584416	0.388888889	0.478873239	0.462686567	0.356164384	0.394366197	0.340659341	0.608108108	0.488095238	0.4	0.287878788	0.407894737	0.474358974	0.474358974	0.411764706	0.527777778	0.444444444	0.533333333	0.261538462	0.388059701	0.391891892	0.369863014	0.34375	0.550724638	0.421052632	0.309859155	0.254901961	0.405063291	0.5	0.647887324	0.372881356	0.5	0.371428571	0.428571429	0.45	0.157894737	0.391891892	0.420289855	0.513513514	0.576271186	0.446153846	0.439393939	0.508474576	0.583333333	0.319444444	0.344827586	0.571428571
0.880952381	0.342465753	0.320512821	0.417910448	0.313253012	0.306122449	0.209876543	0.209876543	0.246376812	0.307692308	0.279411765	1	0.326086957	0.211267606	0.301204819	0.326923077	0.328767123	0.302325581	0.473684211	0.24	0.123287671	0.790697674	0.02	0.225	0.760869565	0.36	0.222222222	0.209876543	0.159090909	0.121621622	0.23255814	0.467741935	0.679245283	0.484375	0.417910448	0.205128205	0.417910448	0.289855072	0.406779661	0.5	0.169230769	0.214285714	0.134328358	0.508474576	0.2375	0.204819277	0.32	0.246753247	0.459016393	0.232876712	0.2	0.215053763	0.358024691	0.260869565	0.307692308	0.245901639	0.272727273	0.358974359	0.358974359	0.338461538	0.278481013	0.217948718	0.325	0.327272727	0.235294118	0.492063492	0.31884058	0.638297872	0.441176471	0.222222222	0.714285714	0.30952381	0.228915663	0.523076923	0.285714286	0.2	0.523076923	0.208333333	0.328947368	0.344827586	0.461538462	0.492063492	0.155844156	0.492753623	0.35483871	0.287878788	0.211267606	0.25	0.4	0.303030303	0.24137931	0.435897436
0.336956522	0.543478261	0.615384615	0.561797753	0.627659574	0.255813953	0.613636364	0.613636364	0.397849462	0.302325581	0.471910112	0.326086957	1	0.444444444	0.617021277	0.313953488	0.532608696	0.677419355	0.488372093	0.191011236	0.298969072	0.315217391	0.043956044	0.494736842	0.358695652	0.317647059	0.404255319	0.613636364	0.39047619	0.411111111	0.648351648	0.516853933	0.385416667	0.494623656	0.561797753	0.452631579	0.561797753	0.528735632	0.459770115	0.604395604	0.363636364	0.586956522	0.333333333	0.357142857	0.505263158	0.548387097	0.279069767	0.473684211	0.494382022	0.410526316	0.522727273	0.524271845	0.655913978	0.584158416	0.302325581	0.363636364	0.613636364	0.5625	0.5625	0.505747126	0.526315789	0.404040404	0.630434783	0.344827586	0.319587629	0.483870968	0.451612903	0.287234043	0.595505618	0.474226804	0.391304348	0.178571429	0.505154639	0.571428571	0.6	0.364705882	0.571428571	0.423913043	0.526315789	0.355555556	0.147727273	0.483870968	0.4	0.597826087	0.471264368	0.465909091	0.368421053	0.409090909	0.619565217	0.494252874	0.447619048	0.659574468
0.208333333	0.432432432	0.321428571	0.373333333	0.376470588	0.24137931	0.394736842	0.394736842	0.342857143	0.245901639	0.301369863	0.211267606	0.444444444	1	0.397590361	0.241935484	0.418918919	0.395348837	0.333333333	0.206896552	0.323529412	0.214285714	0.134615385	0.292682927	0.219178082	0.266666667	0.333333333	0.394736842	0.358024691	0.444444444	0.407407407	0.375	0.2125	0.355263158	0.373333333	0.36	0.373333333	0.347222222	0.246575342	0.392405063	0.35483871	0.392405063	0.37704918	0.2125	0.304878049	0.35	0.233333333	0.333333333	0.385714286	0.324324324	0.420289855	0.457831325	0.388235294	0.362637363	0.245901639	0.3125	0.536231884	0.407407407	0.407407407	0.357142857	0.434210526	0.430555556	0.407407407	0.35	0.314285714	0.378378378	0.414285714	0.133333333	0.358974359	0.371794872	0.226666667	0.145454545	0.428571429	0.407894737	0.318181818	0.355932203	0.407894737	0.417910448	0.379746835	0.228571429	0.120689655	0.378378378	0.426470588	0.37037037	0.243243243	0.430769231	0.362318841	0.396825397	0.467532468	0.424242424	0.414634146	0.411764706
0.313253012	0.620253165	0.6625	0.488095238	0.7375	0.287671233	0.542168675	0.542168675	0.487179487	0.306666667	0.519480519	0.301204819	0.617021277	0.397590361	1	0.337837838	0.628205128	0.651162791	0.443037975	0.164556962	0.34939759	0.289156627	0.051948052	0.641025641	0.290697674	0.272727273	0.43902439	0.542168675	0.333333333	0.37804878	0.658536585	0.457831325	0.4	0.373626374	0.488095238	0.512195122	0.488095238	0.525641026	0.395061728	0.571428571	0.492957746	0.609756098	0.413333333	0.416666667	0.697368421	0.56626506	0.315068493	0.615384615	0.451219512	0.463414634	0.6	0.505263158	0.707317073	0.640449438	0.306666667	0.394736842	0.56097561	0.563218391	0.563218391	0.56	0.658227848	0.666666667	0.7	0.2875	0.443037975	0.393258427	0.49382716	0.320987654	0.542168675	0.653846154	0.357142857	0.164383562	0.590361446	0.554216867	0.746835443	0.436619718	0.554216867	0.519480519	0.701298701	0.367088608	0.175675676	0.393258427	0.506329114	0.546511628	0.373493976	0.597222222	0.546666667	0.571428571	0.626506024	0.506493506	0.483870968	0.710843373
0.320754717	0.435483871	0.402985075	0.50877193	0.369863014	0.774193548	0.348484848	0.348484848	0.327586207	0.84375	0.471698113	0.326923077	0.313953488	0.241935484	0.337837838	1	0.419354839	0.320512821	0.363636364	0.204545455	0.057971014	0.387755102	0.024390244	0.271428571	0.411764706	0.685714286	0.144927536	0.348484848	0.17721519	0.15625	0.2125	0.547169811	0.333333333	0.409836066	0.50877193	0.231884058	0.50877193	0.428571429	0.681818182	0.347826087	0.175438596	0.328571429	0.288461538	0.31147541	0.363636364	0.338235294	0.838709677	0.279411765	0.538461538	0.157142857	0.227272727	0.223529412	0.383561644	0.320987654	0.84375	0.155172414	0.271428571	0.293333333	0.293333333	0.368421053	0.352941176	0.264705882	0.328767123	0.230769231	0.19047619	0.416666667	0.261538462	0.333333333	0.483333333	0.2	0.363636364	0.393939394	0.24	0.363636364	0.356164384	0.188679245	0.363636364	0.392857143	0.210526316	0.254545455	0.142857143	0.416666667	0.290322581	0.342857143	0.666666667	0.333333333	0.327586207	0.339622642	0.411764706	0.184615385	0.2375	0.391891892
0.324324324	0.983050847	0.525	0.561643836	0.6	0.360655738	0.581081081	0.581081081	0.5	0.403225806	0.606060606	0.328767123	0.532608696	0.418918919	0.628205128	0.419354839	1	0.55952381	0.410958904	0.208955224	0.278481013	0.333333333	0.029411765	0.409638554	0.388888889	0.380952381	0.38961039	0.581081081	0.287234043	0.324675325	0.506024096	0.527777778	0.384615385	0.480519481	0.561643836	0.4125	0.561643836	0.5	0.52238806	0.592105263	0.439393939	0.571428571	0.376811594	0.367088608	0.532467532	0.565789474	0.393442623	0.493506494	0.542857143	0.397435897	0.415584416	0.404255319	0.816901408	0.467391304	0.403225806	0.301369863	0.519480519	0.602564103	0.602564103	0.514285714	0.558441558	0.5	0.524390244	0.295774648	0.430555556	0.506666667	0.428571429	0.352112676	0.581081081	0.456790123	0.410958904	0.213114754	0.457831325	0.573333333	0.607594937	0.358208955	0.573333333	0.432432432	0.518987342	0.328767123	0.134328358	0.506666667	0.5	0.584415584	0.514705882	0.552238806	0.52173913	0.546875	0.878787879	0.418918919	0.395604396	0.701298701
0.298850575	0.571428571	0.593023256	0.5	0.702380952	0.256410256	0.736842105	0.736842105	0.428571429	0.307692308	0.457831325	0.302325581	0.677419355	0.395348837	0.651162791	0.320512821	0.55952381	1	0.43902439	0.2	0.288888889	0.321428571	0.0625	0.517241379	0.32183908	0.324675325	0.386363636	0.736842105	0.346534653	0.392857143	0.590909091	0.470588235	0.413793103	0.465909091	0.5	0.471264368	0.5	0.518518519	0.444444444	0.563218391	0.375	0.7	0.466666667	0.366666667	0.583333333	0.74025974	0.282051282	0.460674157	0.481927711	0.409090909	0.476190476	0.441176471	0.674418605	0.546391753	0.307692308	0.358024691	0.534883721	0.52173913	0.52173913	0.423529412	0.551724138	0.465909091	0.573033708	0.320987654	0.311111111	0.454545455	0.373626374	0.321428571	0.517241379	0.494382022	0.372093023	0.186666667	0.47826087	0.564705882	0.651162791	0.308641975	0.564705882	0.5125	0.534090909	0.317647059	0.12345679	0.454545455	0.464285714	0.556818182	0.421686747	0.506329114	0.445783133	0.425	0.579545455	0.428571429	0.479166667	0.659090909
0.465517241	0.424657534	0.434210526	0.553846154	0.474358974	0.25	0.405405405	0.405405405	0.277777778	0.298245614	0.388059701	0.473684211	0.488372093	0.333333333	0.443037975	0.363636364	0.410958904	0.43902439	1	0.192982456	0.294117647	0.431034483	0.055555556	0.368421053	0.426229508	0.48	0.362318841	0.405405405	0.186813187	0.253521127	0.4	0.515625	0.461538462	0.463768116	0.553846154	0.282051282	0.553846154	0.397058824	0.390625	0.588235294	0.344262295	0.333333333	0.28125	0.397058824	0.4	0.376623377	0.285714286	0.36	0.484375	0.371428571	0.371428571	0.337078652	0.46835443	0.340659341	0.298245614	0.389830508	0.386666667	0.417721519	0.417721519	0.5	0.465753425	0.383561644	0.454545455	0.410714286	0.304347826	0.492537313	0.492307692	0.317460317	0.575757576	0.3125	0.475409836	0.355555556	0.384615385	0.590909091	0.373493976	0.3	0.590909091	0.367647059	0.445945946	0.423728814	0.211538462	0.492537313	0.266666667	0.557142857	0.363636364	0.378787879	0.277777778	0.365079365	0.48	0.373134328	0.280898876	0.552631579
0.211538462	0.223880597	0.144736842	0.234375	0.1625	0.230769231	0.171428571	0.171428571	0.111111111	0.209302326	0.183333333	0.24	0.191011236	0.206896552	0.164556962	0.204545455	0.208955224	0.2	0.192982456	1	0.178571429	0.29787234	0.25	0.123287671	0.25	0.238095238	0.161290323	0.171428571	0.131578947	0.116666667	0.139240506	0.25	0.237288136	0.253968254	0.234375	0.147058824	0.234375	0.177419355	0.175438596	0.211267606	0.132075472	0.146666667	0.2	0.158730159	0.136986301	0.183098592	0.219512195	0.142857143	0.25862069	0.15625	0.138461538	0.182926829	0.205128205	0.162790698	0.209302326	0.25	0.223880597	0.2	0.2	0.267857143	0.133333333	0.161764706	0.139240506	0.5	0.172413793	0.258064516	0.153846154	0.244897959	0.261538462	0.121621622	0.259259259	0.083333333	0.131578947	0.220588235	0.164556962	0.142857143	0.220588235	0.203389831	0.148648649	0.107142857	0.138888889	0.258064516	0.123076923	0.225352113	0.172413793	0.232142857	0.129032258	0.230769231	0.202702703	0.186440678	0.164556962	0.230769231
0.136986301	0.275	0.244186047	0.2375	0.284090909	0.0625	0.291139241	0.291139241	0.184210526	0.058823529	0.181818182	0.123287671	0.298969072	0.323529412	0.34939759	0.057971014	0.278481013	0.288888889	0.294117647	0.178571429	1	0.125	0.145833333	0.324675325	0.103896104	0.090909091	0.508196721	0.291139241	0.191011236	0.318181818	0.375	0.202531646	0.192307692	0.192771084	0.2375	0.240506329	0.2375	0.17721519	0.0875	0.325	0.290322581	0.277108434	0.25	0.207792208	0.271604938	0.268292683	0.060606061	0.315789474	0.207792208	0.492063492	0.305555556	0.3	0.295454545	0.276595745	0.058823529	0.403508772	0.342105263	0.325301205	0.325301205	0.358208955	0.265060241	0.394366197	0.294117647	0.283333333	0.333333333	0.180722892	0.357142857	0.094594595	0.275	0.337662338	0.189189189	0.017241379	0.394736842	0.303797468	0.287356322	0.245901639	0.303797468	0.263888889	0.329113924	0.188405797	0.051724138	0.180722892	0.347826087	0.304878049	0.086419753	0.328358209	0.2	0.3125	0.26744186	0.304347826	0.317647059	0.303370787
0.695652174	0.347222222	0.324675325	0.446153846	0.285714286	0.340425532	0.2125	0.2125	0.214285714	0.367346939	0.303030303	0.790697674	0.315217391	0.214285714	0.289156627	0.387755102	0.333333333	0.321428571	0.431034483	0.29787234	0.125	1	0.020408163	0.197530864	0.777777778	0.425531915	0.191780822	0.2125	0.147727273	0.093333333	0.193181818	0.5	0.725490196	0.516129032	0.446153846	0.192307692	0.446153846	0.313432836	0.413793103	0.53030303	0.153846154	0.21686747	0.153846154	0.442622951	0.240506329	0.207317073	0.354166667	0.217948718	0.491525424	0.202702703	0.202702703	0.244444444	0.3625	0.25	0.367346939	0.229508197	0.276315789	0.381578947	0.381578947	0.34375	0.265822785	0.236842105	0.280487805	0.384615385	0.220588235	0.524590164	0.304347826	0.583333333	0.46969697	0.209876543	0.765957447	0.285714286	0.231707317	0.555555556	0.289156627	0.163934426	0.555555556	0.228571429	0.315789474	0.305084746	0.435897436	0.524590164	0.157894737	0.545454545	0.360655738	0.272727273	0.197183099	0.253968254	0.386666667	0.268656716	0.215909091	0.441558442
0.019607843	0.044117647	0.027027027	0.046153846	0.078947368	0.027777778	0.059701493	0.059701493	0.035087719	0.025	0.016949153	0.02	0.043956044	0.134615385	0.051948052	0.024390244	0.029411765	0.0625	0.055555556	0.25	0.145833333	0.020408163	1	0.109375	0.018867925	0.025	0.12962963	0.059701493	0.102941176	0.12	0.082191781	0.049180328	0.033333333	0.046153846	0.046153846	0.063492063	0.046153846	0.050847458	0.018181818	0.02739726	0.042553191	0.071428571	0.113636364	0.050847458	0.074626866	0.073529412	0.026315789	0.061538462	0.050847458	0.125	0.06779661	0.088607595	0.024691358	0.098765432	0.025	0.139534884	0.059701493	0.053333333	0.053333333	0.071428571	0.088235294	0.079365079	0.053333333	0.179487179	0.055555556	0.046875	0.084745763	0	0.044117647	0.074626866	0.017857143	0	0.071428571	0.028571429	0.065789474	0.097560976	0.028571429	0.111111111	0.072463768	0.02	0	0.046875	0.087719298	0.027027027	0.017857143	0.054545455	0.092592593	0.081632653	0.04	0.072727273	0.109589041	0.049382716
0.222222222	0.421686747	0.556962025	0.385542169	0.6125	0.217391304	0.475	0.475	0.413333333	0.23943662	0.445945946	0.225	0.494736842	0.292682927	0.641025641	0.271428571	0.409638554	0.517241379	0.368421053	0.123287671	0.324675325	0.197530864	0.109375	1	0.202380952	0.222222222	0.479452055	0.475	0.402298851	0.430555556	0.636363636	0.353658537	0.282352941	0.25	0.385542169	0.407407407	0.385542169	0.472972973	0.320512821	0.370786517	0.432835821	0.50617284	0.352112676	0.3625	0.676056338	0.5	0.246376812	0.657142857	0.3625	0.506849315	0.506849315	0.4	0.494252874	0.619047619	0.23943662	0.432835821	0.43902439	0.4	0.4	0.445945946	0.53164557	0.554054054	0.555555556	0.256756757	0.386666667	0.252747253	0.423076923	0.197530864	0.43902439	0.586666667	0.238095238	0.19047619	0.50617284	0.352272727	0.641025641	0.46031746	0.352272727	0.465753425	0.5125	0.342465753	0.115942029	0.252747253	0.453333333	0.351648352	0.316455696	0.418918919	0.492957746	0.449275362	0.404494382	0.432432432	0.471264368	0.534883721
0.744680851	0.402777778	0.325	0.507692308	0.317647059	0.367346939	0.24691358	0.24691358	0.236111111	0.392156863	0.285714286	0.760869565	0.358695652	0.219178082	0.290697674	0.411764706	0.388888889	0.32183908	0.426229508	0.25	0.103896104	0.777777778	0.018867925	0.202380952	1	0.479166667	0.166666667	0.24691358	0.166666667	0.116883117	0.197802198	0.540983607	0.735849057	0.606557377	0.507692308	0.2125	0.507692308	0.295774648	0.482758621	0.52173913	0.128571429	0.25	0.179104478	0.415384615	0.228915663	0.240963855	0.38	0.207317073	0.533333333	0.17721519	0.17721519	0.221052632	0.395061728	0.265957447	0.392156863	0.179104478	0.2625	0.415584416	0.415584416	0.343283582	0.283950617	0.180722892	0.297619048	0.310344828	0.191780822	0.616666667	0.27027027	0.568627451	0.485294118	0.186046512	0.775510204	0.288888889	0.193181818	0.545454545	0.305882353	0.136363636	0.545454545	0.232876712	0.316455696	0.306451613	0.363636364	0.616666667	0.164556962	0.536231884	0.426229508	0.275362319	0.202702703	0.23880597	0.44	0.236111111	0.206521739	0.455696203
0.38	0.396825397	0.347826087	0.49122807	0.356164384	0.5	0.313432836	0.313432836	0.245901639	0.567567568	0.375	0.36	0.317647059	0.266666667	0.272727273	0.685714286	0.380952381	0.324675325	0.48	0.238095238	0.090909091	0.425531915	0.025	0.222222222	0.479166667	1	0.130434783	0.313432836	0.164556962	0.158730159	0.215189873	0.5	0.410714286	0.416666667	0.49122807	0.235294118	0.49122807	0.410714286	0.553191489	0.373134328	0.178571429	0.260273973	0.269230769	0.316666667	0.308823529	0.304347826	0.555555556	0.211267606	0.490566038	0.142857143	0.212121212	0.226190476	0.351351351	0.277108434	0.567567568	0.178571429	0.257142857	0.297297297	0.297297297	0.4	0.338235294	0.231884058	0.297297297	0.26	0.138461538	0.423728814	0.246153846	0.31372549	0.466666667	0.171052632	0.450980392	0.451612903	0.179487179	0.390625	0.306666667	0.127272727	0.390625	0.375	0.22972973	0.36	0.119047619	0.423728814	0.234375	0.367647059	0.541666667	0.271186441	0.245901639	0.25	0.397058824	0.117647059	0.209876543	0.397260274
0.236111111	0.384615385	0.430379747	0.363636364	0.43373494	0.15625	0.402597403	0.402597403	0.263157895	0.147058824	0.347222222	0.222222222	0.404255319	0.333333333	0.43902439	0.144927536	0.38961039	0.386363636	0.362318841	0.161290323	0.508196721	0.191780822	0.12962963	0.479452055	0.166666667	0.130434783	1	0.402597403	0.287356322	0.273972603	0.487179487	0.294871795	0.269230769	0.265060241	0.363636364	0.283950617	0.363636364	0.375	0.207792208	0.454545455	0.409836066	0.4	0.28358209	0.337837838	0.493150685	0.41025641	0.151515152	0.432432432	0.302631579	0.960784314	0.388888889	0.382022472	0.445783133	0.465116279	0.147058824	0.457627119	0.402597403	0.397590361	0.397590361	0.426470588	0.3875	0.458333333	0.380952381	0.296875	0.492063492	0.253012048	0.402777778	0.208333333	0.421052632	0.415584416	0.27027027	0.101694915	0.493333333	0.415584416	0.456790123	0.366666667	0.415584416	0.310810811	0.3875	0.294117647	0.116666667	0.253012048	0.32	0.430379747	0.205128205	0.376811594	0.28	0.363636364	0.385542169	0.352112676	0.421686747	0.402298851
0.2375	0.594594595	0.5375	0.513157895	0.592592593	0.333333333	1	1	0.472222222	0.396825397	0.426666667	0.209876543	0.613636364	0.394736842	0.542168675	0.348484848	0.581081081	0.736842105	0.405405405	0.171428571	0.291139241	0.2125	0.059701493	0.475	0.24691358	0.313432836	0.402597403	1	0.311827957	0.450704225	0.555555556	0.441558442	0.297619048	0.385542169	0.513157895	0.425	0.513157895	0.472972973	0.430555556	0.469879518	0.352112676	0.820895522	0.476923077	0.26744186	0.506329114	0.875	0.365079365	0.487179487	0.453333333	0.428571429	0.447368421	0.4	0.56626506	0.446808511	0.396825397	0.352112676	0.552631579	0.5	0.5	0.445945946	0.49382716	0.402439024	0.555555556	0.291666667	0.316455696	0.390243902	0.353658537	0.227848101	0.493670886	0.4	0.316455696	0.19047619	0.487804878	0.451219512	0.542168675	0.352941176	0.451219512	0.465753425	0.423529412	0.240506329	0.026666667	0.390243902	0.535211268	0.481927711	0.424657534	0.544117647	0.452054795	0.449275362	0.5625	0.413333333	0.391304348	0.552941176
0.157303371	0.29787234	0.295918367	0.239583333	0.357142857	0.142857143	0.311827957	0.311827957	0.428571429	0.164556962	0.247191011	0.159090909	0.39047619	0.358024691	0.333333333	0.17721519	0.287234043	0.346534653	0.186813187	0.131578947	0.191011236	0.147727273	0.102941176	0.402298851	0.166666667	0.164556962	0.287356322	0.311827957	1	0.38961039	0.428571429	0.263736264	0.189473684	0.239583333	0.239583333	0.552631579	0.239583333	0.284090909	0.215909091	0.2	0.234567901	0.35483871	0.351351351	0.298850575	0.308510638	0.377777778	0.168831169	0.318681319	0.255555556	0.295454545	0.357142857	0.505494505	0.300970874	0.489361702	0.164556962	0.19047619	0.311827957	0.274509804	0.274509804	0.180851064	0.344086022	0.322222222	0.368421053	0.154761905	0.227272727	0.229166667	0.292134831	0.134831461	0.244897959	0.397727273	0.136842105	0.144927536	0.369565217	0.205882353	0.294117647	0.28	0.205882353	0.3875	0.344086022	0.146067416	0.125	0.229166667	0.37804878	0.20952381	0.24137931	0.282352941	0.428571429	0.316455696	0.316326531	0.294117647	0.62962963	0.32038835
0.105263158	0.337662338	0.301204819	0.25	0.443037975	0.095238095	0.450704225	0.450704225	0.467741935	0.140625	0.277777778	0.121621622	0.411111111	0.444444444	0.37804878	0.15625	0.324675325	0.392857143	0.253521127	0.116666667	0.318181818	0.093333333	0.12	0.430555556	0.116883117	0.158730159	0.273972603	0.450704225	0.38961039	1	0.441558442	0.263157895	0.093023256	0.234567901	0.25	0.455882353	0.25	0.342857143	0.205479452	0.244186047	0.327868852	0.407894737	0.35	0.13253012	0.333333333	0.4	0.126984127	0.442857143	0.253333333	0.283783784	0.461538462	0.372093023	0.32183908	0.32967033	0.140625	0.285714286	0.430555556	0.353658537	0.353658537	0.243243243	0.413333333	0.351351351	0.460526316	0.2	0.271428571	0.253164557	0.333333333	0.138888889	0.240963855	0.507246377	0.098765432	0.153846154	0.407894737	0.253012048	0.345238095	0.283333333	0.253012048	0.393939394	0.394736842	0.185714286	0.068965517	0.253164557	0.620689655	0.24137931	0.202702703	0.363636364	0.467741935	0.349206349	0.375	0.421875	0.345238095	0.344827586
0.229885057	0.518072289	0.55952381	0.382022472	0.65060241	0.179487179	0.555555556	0.555555556	0.443037975	0.2	0.402439024	0.23255814	0.648351648	0.407407407	0.658536585	0.2125	0.506024096	0.590909091	0.4	0.139240506	0.375	0.193181818	0.082191781	0.636363636	0.197802198	0.215189873	0.487179487	0.555555556	0.428571429	0.441558442	1	0.322222222	0.3	0.308510638	0.382022472	0.544303797	0.382022472	0.444444444	0.305882353	0.460674157	0.529411765	0.585365854	0.368421053	0.329545455	0.607594937	0.56097561	0.205128205	0.55	0.329545455	0.512820513	0.638888889	0.532608696	0.604651163	0.548387097	0.2	0.464788732	0.575	0.472527473	0.472527473	0.474358974	0.573170732	0.518518519	0.614457831	0.294871795	0.4	0.311827957	0.469135802	0.193181818	0.431818182	0.628205128	0.272727273	0.136986301	0.604938272	0.426966292	0.619047619	0.428571429	0.426966292	0.455696203	0.592592593	0.308641975	0.118421053	0.311827957	0.444444444	0.43956044	0.34939759	0.486842105	0.5	0.479452055	0.511363636	0.480519481	0.494505495	0.573033708
0.4375	0.541666667	0.487179487	0.862068966	0.435294118	0.425925926	0.441558442	0.441558442	0.356164384	0.5	0.470588235	0.467741935	0.516853933	0.375	0.457831325	0.547169811	0.527777778	0.470588235	0.515625	0.25	0.202531646	0.5	0.049180328	0.353658537	0.540983607	0.5	0.294871795	0.441558442	0.263736264	0.263157895	0.322222222	1	0.457142857	0.636363636	0.862068966	0.3375	0.862068966	0.47826087	0.6	0.575342466	0.236111111	0.419753086	0.289855072	0.378378378	0.435897436	0.395061728	0.462962963	0.313253012	0.961538462	0.303797468	0.2875	0.3125	0.5375	0.417582418	0.5	0.328358209	0.441558442	0.506329114	0.506329114	0.538461538	0.443037975	0.333333333	0.416666667	0.409836066	0.243589744	0.646153846	0.350649351	0.384615385	0.790322581	0.287356322	0.46969697	0.283018868	0.32183908	0.6	0.475609756	0.287878788	0.6	0.449275362	0.341176471	0.31884058	0.228070175	0.646153846	0.342105263	0.567567568	0.53968254	0.441176471	0.356164384	0.347826087	0.573333333	0.356164384	0.32967033	0.623376623
0.730769231	0.397435897	0.373493976	0.514285714	0.395348837	0.315789474	0.297619048	0.297619048	0.197530864	0.338983051	0.289473684	0.679245283	0.385416667	0.2125	0.4	0.333333333	0.384615385	0.413793103	0.461538462	0.237288136	0.192307692	0.725490196	0.033333333	0.282352941	0.735849057	0.410714286	0.269230769	0.297619048	0.189473684	0.093023256	0.3	0.457142857	1	0.514285714	0.514285714	0.235294118	0.514285714	0.333333333	0.424242424	0.569444444	0.175675676	0.361445783	0.225352113	0.538461538	0.325301205	0.353658537	0.327586207	0.215909091	0.449275362	0.278481013	0.21686747	0.252525253	0.406976744	0.365591398	0.338983051	0.242857143	0.297619048	0.409638554	0.409638554	0.420289855	0.317647059	0.292682927	0.3	0.3125	0.217948718	0.52173913	0.342105263	0.517241379	0.535211268	0.264367816	0.9	0.222222222	0.255555556	0.549295775	0.367816092	0.220588235	0.549295775	0.256410256	0.435897436	0.328358209	0.333333333	0.52173913	0.149425287	0.583333333	0.376811594	0.297297297	0.227848101	0.263888889	0.432098765	0.293333333	0.307692308	0.464285714
0.454545455	0.493506494	0.411764706	0.623188406	0.431818182	0.35	0.385542169	0.385542169	0.320512821	0.393442623	0.386666667	0.484375	0.494623656	0.355263158	0.373626374	0.409836066	0.480519481	0.465909091	0.463768116	0.253968254	0.192771084	0.516129032	0.046153846	0.25	0.606557377	0.416666667	0.265060241	0.385542169	0.239583333	0.234567901	0.308510638	0.636363636	0.514285714	1	0.623188406	0.337349398	0.623188406	0.394736842	0.492537313	0.586666667	0.223684211	0.4	0.273972603	0.325	0.348837209	0.360465116	0.360655738	0.284090909	0.630769231	0.273809524	0.258823529	0.287128713	0.511904762	0.357142857	0.393442623	0.256756757	0.369047619	0.518518519	0.518518519	0.444444444	0.404761905	0.287356322	0.382022472	0.304347826	0.24691358	0.947368421	0.35	0.424242424	0.575342466	0.260869565	0.53030303	0.24137931	0.279569892	0.589041096	0.373626374	0.202702703	0.589041096	0.386666667	0.388235294	0.357142857	0.233333333	0.947368421	0.292682927	0.578947368	0.442857143	0.342105263	0.2875	0.328767123	0.50617284	0.337662338	0.288659794	0.535714286
0.432835821	0.575342466	0.518987342	1	0.482352941	0.421052632	0.513157895	0.513157895	0.320512821	0.49122807	0.485714286	0.417910448	0.561797753	0.373333333	0.488095238	0.50877193	0.561643836	0.5	0.553846154	0.234375	0.2375	0.446153846	0.046153846	0.385542169	0.507692308	0.49122807	0.363636364	0.513157895	0.239583333	0.25	0.382022472	0.862068966	0.514285714	0.623188406	1	0.305882353	1	0.492957746	0.5625	0.608108108	0.273972603	0.4875	0.291666667	0.394736842	0.487179487	0.4625	0.456140351	0.329411765	0.859649123	0.371794872	0.320987654	0.326530612	0.5875	0.461538462	0.49122807	0.367647059	0.474358974	0.5375	0.5375	0.625	0.456790123	0.365853659	0.413793103	0.40625	0.2625	0.632352941	0.384615385	0.362318841	0.916666667	0.303370787	0.553846154	0.24137931	0.367816092	0.589041096	0.506024096	0.328358209	0.589041096	0.424657534	0.372093023	0.319444444	0.193548387	0.632352941	0.325	0.621621622	0.553846154	0.416666667	0.337662338	0.347222222	0.584415584	0.373333333	0.344086022	0.6125
0.1875	0.407407407	0.367816092	0.305882353	0.488095238	0.176470588	0.425	0.425	0.64516129	0.2	0.337662338	0.205128205	0.452631579	0.36	0.512195122	0.231884058	0.4125	0.471264368	0.282051282	0.147058824	0.240506329	0.192307692	0.063492063	0.407407407	0.2125	0.235294118	0.283950617	0.425	0.552631579	0.455882353	0.544303797	0.3375	0.235294118	0.337349398	0.305882353	1	0.305882353	0.329113924	0.269230769	0.325842697	0.333333333	0.475	0.4375	0.25	0.419753086	0.487179487	0.205882353	0.4	0.3125	0.308641975	0.452054795	0.433333333	0.431818182	0.404255319	0.2	0.243243243	0.373493976	0.402298851	0.402298851	0.271604938	0.5	0.441558442	0.525	0.186666667	0.298701299	0.341463415	0.273809524	0.192307692	0.310344828	0.493506494	0.176470588	0.203389831	0.388235294	0.337209302	0.409090909	0.23943662	0.337209302	0.560606061	0.481012658	0.253333333	0.140625	0.341463415	0.52173913	0.337078652	0.282051282	0.485294118	0.619047619	0.432835821	0.44047619	0.342105263	0.425287356	0.438202247
0.432835821	0.575342466	0.518987342	1	0.482352941	0.421052632	0.513157895	0.513157895	0.320512821	0.49122807	0.485714286	0.417910448	0.561797753	0.373333333	0.488095238	0.50877193	0.561643836	0.5	0.553846154	0.234375	0.2375	0.446153846	0.046153846	0.385542169	0.507692308	0.49122807	0.363636364	0.513157895	0.239583333	0.25	0.382022472	0.862068966	0.514285714	0.623188406	1	0.305882353	1	0.492957746	0.5625	0.608108108	0.273972603	0.4875	0.291666667	0.394736842	0.487179487	0.4625	0.456140351	0.329411765	0.859649123	0.371794872	0.320987654	0.326530612	0.5875	0.461538462	0.49122807	0.367647059	0.474358974	0.5375	0.5375	0.625	0.456790123	0.365853659	0.413793103	0.40625	0.2625	0.632352941	0.384615385	0.362318841	0.916666667	0.303370787	0.553846154	0.24137931	0.367816092	0.589041096	0.506024096	0.328358209	0.589041096	0.424657534	0.372093023	0.319444444	0.193548387	0.632352941	0.325	0.621621622	0.553846154	0.416666667	0.337662338	0.347222222	0.584415584	0.373333333	0.344086022	0.6125
0.304347826	0.493150685	0.676470588	0.492957746	0.643835616	0.315789474	0.472972973	0.472972973	0.426470588	0.362068966	0.606557377	0.289855072	0.528735632	0.347222222	0.525641026	0.428571429	0.5	0.518518519	0.397058824	0.177419355	0.17721519	0.313432836	0.050847458	0.472972973	0.295774648	0.410714286	0.375	0.472972973	0.284090909	0.342857143	0.444444444	0.47826087	0.333333333	0.394736842	0.492957746	0.329113924	0.492957746	1	0.492063492	0.448717949	0.380952381	0.467532468	0.338461538	0.351351351	0.692307692	0.460526316	0.350877193	0.486111111	0.470588235	0.383561644	0.485294118	0.409090909	0.53164557	0.5875	0.362068966	0.279411765	0.493150685	0.409638554	0.409638554	0.507692308	0.577464789	0.413333333	0.581081081	0.253731343	0.338028169	0.4	0.378378378	0.313432836	0.557142857	0.506849315	0.357142857	0.245283019	0.4125	0.428571429	0.676056338	0.406779661	0.428571429	0.462686567	0.417721519	0.435483871	0.192982456	0.4	0.408450704	0.443037975	0.461538462	0.391304348	0.405797101	0.378787879	0.526315789	0.366197183	0.416666667	0.556962025
0.37704918	0.537313433	0.479452055	0.5625	0.461538462	0.533333333	0.430555556	0.430555556	0.358208955	0.622222222	0.586206897	0.406779661	0.459770115	0.246575342	0.395061728	0.681818182	0.52238806	0.444444444	0.390625	0.175438596	0.0875	0.413793103	0.018181818	0.320512821	0.482758621	0.553191489	0.207792208	0.430555556	0.215909091	0.205479452	0.305882353	0.6	0.424242424	0.492537313	0.5625	0.269230769	0.5625	0.492063492	1	0.465753425	0.191176471	0.407894737	0.246153846	0.362318841	0.386666667	0.381578947	0.577777778	0.311688312	0.566666667	0.217948718	0.266666667	0.268817204	0.493506494	0.390804598	0.622222222	0.191176471	0.320512821	0.3875	0.3875	0.415384615	0.413333333	0.265822785	0.423076923	0.238095238	0.219178082	0.5	0.315068493	0.413793103	0.560606061	0.268292683	0.435483871	0.333333333	0.289156627	0.444444444	0.486842105	0.241935484	0.444444444	0.314285714	0.308641975	0.338709677	0.169811321	0.5	0.287671233	0.459459459	0.893617021	0.363636364	0.338235294	0.349206349	0.549295775	0.263888889	0.269662921	0.519480519
0.492753623	0.605263158	0.5875	0.608108108	0.564705882	0.275362319	0.469879518	0.469879518	0.30952381	0.295774648	0.520547945	0.5	0.604395604	0.392405063	0.571428571	0.347826087	0.592105263	0.563218391	0.588235294	0.211267606	0.325	0.53030303	0.02739726	0.370786517	0.52173913	0.373134328	0.454545455	0.469879518	0.2	0.244186047	0.460674157	0.575342466	0.569444444	0.586666667	0.608108108	0.325842697	0.608108108	0.448717949	0.465753425	1	0.388888889	0.448275862	0.265822785	0.37804878	0.481927711	0.441860465	0.285714286	0.395348837	0.547945205	0.461538462	0.425	0.427083333	0.634146341	0.458333333	0.295774648	0.369863014	0.50617284	0.666666667	0.666666667	0.48	0.524390244	0.43373494	0.511627907	0.347222222	0.421052632	0.616438356	0.4375	0.442857143	0.671232877	0.397727273	0.588235294	0.179104478	0.448275862	0.952380952	0.534883721	0.297297297	0.952380952	0.353658537	0.524390244	0.47826087	0.227272727	0.616438356	0.313953488	0.953846154	0.421052632	0.472972973	0.30952381	0.444444444	0.653846154	0.392405063	0.333333333	0.7
0.166666667	0.432835821	0.463768116	0.273972603	0.445945946	0.169811321	0.352112676	0.352112676	0.4	0.157894737	0.349206349	0.169230769	0.363636364	0.35483871	0.492957746	0.175438596	0.439393939	0.375	0.344262295	0.132075472	0.290322581	0.153846154	0.042553191	0.432835821	0.128571429	0.178571429	0.409836066	0.352112676	0.234567901	0.327868852	0.529411765	0.236111111	0.175675676	0.223684211	0.273972603	0.333333333	0.273972603	0.380952381	0.191176471	0.388888889	1	0.333333333	0.254237288	0.225352113	0.492307692	0.342465753	0.163636364	0.540983607	0.242857143	0.419354839	0.660377358	0.460526316	0.5	0.325581395	0.157894737	0.48	0.5	0.350649351	0.350649351	0.393442623	0.455882353	0.5	0.464788732	0.245614035	0.576923077	0.243243243	0.412698413	0.153846154	0.315068493	0.564516129	0.188405797	0.104166667	0.538461538	0.385714286	0.432432432	0.428571429	0.385714286	0.307692308	0.455882353	0.407407407	0.170212766	0.243243243	0.338461538	0.383561644	0.188405797	0.431034483	0.37704918	0.5	0.410958904	0.37704918	0.325	0.466666667
0.256097561	0.584415584	0.530120482	0.4875	0.641975309	0.333333333	0.820895522	0.820895522	0.447368421	0.373134328	0.423076923	0.214285714	0.586956522	0.392405063	0.609756098	0.328571429	0.571428571	0.7	0.333333333	0.146666667	0.277108434	0.21686747	0.071428571	0.50617284	0.25	0.260273973	0.4	0.820895522	0.35483871	0.407894737	0.585365854	0.419753086	0.361445783	0.4	0.4875	0.475	0.4875	0.467532468	0.407894737	0.448275862	0.333333333	1	0.449275362	0.298850575	0.576923077	0.823529412	0.343283582	0.5	0.430379747	0.425	0.425	0.383838384	0.558139535	0.505376344	0.373134328	0.333333333	0.584415584	0.511627907	0.511627907	0.441558442	0.524390244	0.469135802	0.547619048	0.276315789	0.317073171	0.404761905	0.352941176	0.231707317	0.469879518	0.464285714	0.317073171	0.144927536	0.5	0.430232558	0.609756098	0.391304348	0.430232558	0.48	0.506024096	0.228915663	0.051948052	0.404761905	0.506666667	0.459770115	0.402597403	0.535211268	0.506849315	0.464788732	0.554216867	0.447368421	0.450549451	0.528089888
0.149253731	0.391304348	0.278481013	0.291666667	0.426666667	0.291666667	0.476923077	0.476923077	0.4	0.32	0.268656716	0.134328358	0.333333333	0.37704918	0.413333333	0.288461538	0.376811594	0.466666667	0.28125	0.2	0.25	0.153846154	0.113636364	0.352112676	0.179104478	0.269230769	0.28358209	0.476923077	0.351351351	0.35	0.368421053	0.289855072	0.225352113	0.273972603	0.291666667	0.4375	0.291666667	0.338461538	0.246153846	0.265822785	0.254237288	0.449275362	1	0.208333333	0.366197183	0.555555556	0.333333333	0.323943662	0.298507463	0.294117647	0.375	0.305882353	0.333333333	0.325581395	0.32	0.193548387	0.333333333	0.316455696	0.316455696	0.268656716	0.414285714	0.430769231	0.386666667	0.203389831	0.28125	0.277777778	0.271428571	0.153846154	0.297297297	0.347222222	0.171428571	0.204545455	0.298701299	0.276315789	0.325	0.25	0.276315789	0.634615385	0.434782609	0.117647059	0.037735849	0.277777778	0.5	0.278481013	0.242424242	0.383333333	0.473684211	0.444444444	0.355263158	0.3125	0.341772152	0.325301205
0.525423729	0.379746835	0.390243902	0.394736842	0.379310345	0.271186441	0.26744186	0.26744186	0.227848101	0.295081967	0.306666667	0.508474576	0.357142857	0.2125	0.416666667	0.31147541	0.367088608	0.366666667	0.397058824	0.158730159	0.207792208	0.442622951	0.050847458	0.3625	0.415384615	0.316666667	0.337837838	0.26744186	0.298850575	0.13253012	0.329545455	0.378378378	0.538461538	0.325	0.394736842	0.25	0.394736842	0.351351351	0.362318841	0.37804878	0.225352113	0.298850575	0.208333333	1	0.375	0.305882353	0.305084746	0.273809524	0.388888889	0.346666667	0.2625	0.362637363	0.406976744	0.511904762	0.295081967	0.298507463	0.297619048	0.3	0.3	0.4	0.317647059	0.358974359	0.329545455	0.235294118	0.283783784	0.3125	0.378378378	0.353846154	0.434210526	0.341463415	0.507936508	0.245283019	0.313953488	0.375	0.38372093	0.220588235	0.375	0.272727273	0.34939759	0.308823529	0.283018868	0.3125	0.204819277	0.373493976	0.357142857	0.28	0.243589744	0.246575342	0.397590361	0.276315789	0.451219512	0.430232558
0.25	0.525641026	0.722222222	0.487179487	0.780821918	0.268656716	0.506329114	0.506329114	0.426666667	0.308823529	0.611940299	0.2375	0.505263158	0.304878049	0.697368421	0.363636364	0.532467532	0.583333333	0.4	0.136986301	0.271604938	0.240506329	0.074626866	0.676056338	0.228915663	0.308823529	0.493150685	0.506329114	0.308510638	0.333333333	0.607594937	0.435897436	0.325301205	0.348837209	0.487179487	0.419753086	0.487179487	0.692307692	0.386666667	0.481927711	0.492307692	0.576923077	0.366197183	0.375	1	0.551282051	0.298507463	0.581081081	0.428571429	0.520547945	0.520547945	0.425531915	0.597560976	0.670731707	0.308823529	0.426470588	0.506329114	0.443181818	0.443181818	0.521126761	0.671232877	0.611111111	0.5875	0.253333333	0.438356164	0.352941176	0.365853659	0.272727273	0.545454545	0.578947368	0.280487805	0.1875	0.5	0.463414634	0.842857143	0.388059701	0.463414634	0.521126761	0.50617284	0.434782609	0.147058824	0.352941176	0.447368421	0.476190476	0.381578947	0.432432432	0.486111111	0.442857143	0.518072289	0.3375	0.465909091	0.602409639
0.231707317	0.578947368	0.506024096	0.4625	0.617283951	0.323076923	0.875	0.875	0.479452055	0.363636364	0.415584416	0.204819277	0.548387097	0.35	0.56626506	0.338235294	0.565789474	0.74025974	0.376623377	0.183098592	0.268292683	0.207317073	0.073529412	0.5	0.240963855	0.304347826	0.41025641	0.875	0.377777778	0.4	0.56097561	0.395061728	0.353658537	0.360465116	0.4625	0.487179487	0.4625	0.460526316	0.381578947	0.441860465	0.342465753	0.823529412	0.555555556	0.305882353	0.551282051	1	0.353846154	0.475	0.405063291	0.435897436	0.435897436	0.40625	0.552941176	0.5	0.363636364	0.324324324	0.481481481	0.471264368	0.471264368	0.379746835	0.5	0.444444444	0.505882353	0.25	0.325	0.364705882	0.329411765	0.2375	0.463414634	0.457831325	0.308641975	0.184615385	0.458823529	0.423529412	0.547619048	0.323943662	0.423529412	0.535211268	0.464285714	0.219512195	0.039473684	0.364705882	0.5	0.453488372	0.376623377	0.486111111	0.521126761	0.436619718	0.548780488	0.384615385	0.460674157	0.522727273
0.34	0.409836066	0.358208955	0.456140351	0.310810811	0.925925926	0.365079365	0.365079365	0.298245614	0.931034483	0.388888889	0.32	0.279069767	0.233333333	0.315068493	0.838709677	0.393442623	0.282051282	0.285714286	0.219512195	0.060606061	0.354166667	0.026315789	0.246376812	0.38	0.555555556	0.151515152	0.365079365	0.168831169	0.126984127	0.205128205	0.462962963	0.327586207	0.360655738	0.456140351	0.205882353	0.456140351	0.350877193	0.577777778	0.285714286	0.163636364	0.343283582	0.333333333	0.305084746	0.298507463	0.353846154	1	0.272727273	0.480769231	0.164179104	0.21875	0.21686747	0.342465753	0.283950617	0.931034483	0.163636364	0.264705882	0.253333333	0.253333333	0.388888889	0.308823529	0.276923077	0.305555556	0.22	0.2	0.366666667	0.234375	0.3	0.433333333	0.175675676	0.358490566	0.387096774	0.2	0.298507463	0.297297297	0.2	0.298507463	0.339285714	0.219178082	0.2	0.125	0.366666667	0.262295082	0.3	0.565217391	0.351851852	0.298245614	0.36	0.367647059	0.174603175	0.230769231	0.333333333
0.227848101	0.487179487	0.551282051	0.329411765	0.5875	0.28125	0.487179487	0.487179487	0.507246377	0.264705882	0.478873239	0.246753247	0.473684211	0.333333333	0.615384615	0.279411765	0.493506494	0.460674157	0.36	0.142857143	0.315789474	0.217948718	0.061538462	0.657142857	0.207317073	0.211267606	0.432432432	0.487179487	0.318681319	0.442857143	0.55	0.313253012	0.215909091	0.284090909	0.329411765	0.4	0.329411765	0.486111111	0.311688312	0.395348837	0.540983607	0.5	0.323943662	0.273809524	0.581081081	0.475	0.272727273	1	0.320987654	0.44	0.565217391	0.455555556	0.580246914	0.472527473	0.264705882	0.402985075	0.526315789	0.476190476	0.476190476	0.438356164	0.525641026	0.614285714	0.675675676	0.246575342	0.569230769	0.302325581	0.453333333	0.266666667	0.380952381	0.647887324	0.228915663	0.140625	0.6	0.392857143	0.575	0.428571429	0.392857143	0.4	0.506329114	0.352112676	0.136363636	0.302325581	0.573529412	0.390804598	0.307692308	0.514705882	0.529411765	0.606557377	0.464285714	0.485714286	0.4	0.56626506
0.428571429	0.557142857	0.461538462	0.859649123	0.428571429	0.442307692	0.453333333	0.453333333	0.328767123	0.519230769	0.462686567	0.459016393	0.494382022	0.385714286	0.451219512	0.538461538	0.542857143	0.481927711	0.484375	0.25862069	0.207792208	0.491525424	0.050847458	0.3625	0.533333333	0.490566038	0.302631579	0.453333333	0.255555556	0.253333333	0.329545455	0.961538462	0.449275362	0.630769231	0.859649123	0.3125	0.859649123	0.470588235	0.566666667	0.547945205	0.242857143	0.430379747	0.298507463	0.388888889	0.428571429	0.405063291	0.480769231	0.320987654	1	0.311688312	0.278481013	0.291666667	0.551282051	0.411111111	0.519230769	0.338461538	0.434210526	0.5	0.5	0.555555556	0.417721519	0.341772152	0.392857143	0.423728814	0.25	0.640625	0.36	0.396825397	0.786885246	0.279069767	0.484375	0.269230769	0.313953488	0.571428571	0.469135802	0.296875	0.571428571	0.441176471	0.333333333	0.289855072	0.214285714	0.640625	0.333333333	0.540540541	0.532258065	0.454545455	0.347222222	0.358208955	0.546666667	0.366197183	0.337078652	0.597402597
0.246575342	0.392405063	0.455696203	0.371794872	0.44047619	0.151515152	0.428571429	0.428571429	0.289473684	0.15942029	0.356164384	0.232876712	0.410526316	0.324324324	0.463414634	0.157142857	0.397435897	0.409090909	0.371428571	0.15625	0.492063492	0.202702703	0.125	0.506849315	0.17721519	0.142857143	0.960784314	0.428571429	0.295454545	0.283783784	0.512820513	0.303797468	0.278481013	0.273809524	0.371794872	0.308641975	0.371794872	0.383561644	0.217948718	0.461538462	0.419354839	0.425	0.294117647	0.346666667	0.520547945	0.435897436	0.164179104	0.44	0.311688312	1	0.416666667	0.404494382	0.469879518	0.471264368	0.15942029	0.442622951	0.392405063	0.404761905	0.404761905	0.414285714	0.395061728	0.486111111	0.404761905	0.307692308	0.5	0.261904762	0.410958904	0.219178082	0.428571429	0.441558442	0.28	0.116666667	0.5	0.423076923	0.481481481	0.35483871	0.423076923	0.32	0.395061728	0.285714286	0.112903226	0.261904762	0.346666667	0.4375	0.215189873	0.405797101	0.306666667	0.373134328	0.392857143	0.342465753	0.428571429	0.425287356
0.213333333	0.428571429	0.597222222	0.320987654	0.53164557	0.1875	0.447368421	0.447368421	0.53125	0.212121212	0.394366197	0.2	0.522727273	0.420289855	0.6	0.227272727	0.415584416	0.476190476	0.371428571	0.138461538	0.305555556	0.202702703	0.06779661	0.506849315	0.17721519	0.212121212	0.388888889	0.447368421	0.357142857	0.461538462	0.638888889	0.2875	0.21686747	0.258823529	0.320987654	0.452054795	0.320987654	0.485294118	0.266666667	0.425	0.660377358	0.425	0.375	0.2625	0.520547945	0.435897436	0.21875	0.565217391	0.278481013	0.416666667	1	0.689189189	0.525	0.422222222	0.212121212	0.419354839	0.617647059	0.421686747	0.421686747	0.375	0.527027027	0.528571429	0.710144928	0.268656716	0.454545455	0.261904762	0.450704225	0.186666667	0.375	0.734375	0.230769231	0.13559322	0.628571429	0.423076923	0.518987342	0.423728814	0.423076923	0.414285714	0.547945205	0.363636364	0.189655172	0.261904762	0.442857143	0.4375	0.246753247	0.447761194	0.507692308	0.533333333	0.4625	0.484848485	0.395348837	0.530864198
0.225806452	0.414893617	0.533333333	0.326530612	0.44	0.192771084	0.4	0.4	0.423529412	0.211764706	0.340659341	0.215053763	0.524271845	0.457831325	0.505263158	0.223529412	0.404255319	0.441176471	0.337078652	0.182926829	0.3	0.244444444	0.088607595	0.4	0.221052632	0.226190476	0.382022472	0.4	0.505494505	0.372093023	0.532608696	0.3125	0.252525253	0.287128713	0.326530612	0.433333333	0.326530612	0.409090909	0.268817204	0.427083333	0.460526316	0.383838384	0.305882353	0.362637363	0.425531915	0.40625	0.21686747	0.455555556	0.291666667	0.404494382	0.689189189	1	0.494845361	0.556701031	0.211764706	0.337349398	0.546511628	0.396039604	0.396039604	0.355555556	0.446808511	0.477272727	0.566666667	0.285714286	0.4	0.29	0.415730337	0.178947368	0.371134021	0.576470588	0.252631579	0.125	0.556818182	0.425531915	0.444444444	0.304878049	0.425531915	0.370786517	0.462365591	0.284090909	0.164556962	0.29	0.393258427	0.4375	0.252631579	0.395348837	0.390804598	0.419753086	0.458333333	0.375	0.537634409	0.515463918
0.353658537	0.805555556	0.666666667	0.5875	0.639534884	0.315068493	0.56626506	0.56626506	0.512820513	0.351351351	0.608108108	0.358024691	0.655913978	0.388235294	0.707317073	0.383561644	0.816901408	0.674418605	0.46835443	0.205128205	0.295454545	0.3625	0.024691358	0.494252874	0.395061728	0.351351351	0.445783133	0.56626506	0.300970874	0.32183908	0.604651163	0.5375	0.406976744	0.511904762	0.5875	0.431818182	0.5875	0.53164557	0.493506494	0.634146341	0.5	0.558139535	0.333333333	0.406976744	0.597560976	0.552941176	0.342465753	0.580246914	0.551282051	0.469879518	0.525	0.494845361	1	0.525773196	0.351351351	0.35	0.547619048	0.642857143	0.642857143	0.545454545	0.564705882	0.530120482	0.623529412	0.329113924	0.46835443	0.5	0.464285714	0.379746835	0.64556962	0.541176471	0.432098765	0.191780822	0.558139535	0.617283951	0.666666667	0.368421053	0.617283951	0.416666667	0.564705882	0.375	0.186666667	0.5	0.457831325	0.626506024	0.487179487	0.581081081	0.493670886	0.534246575	0.779220779	0.456790123	0.428571429	0.8
0.27173913	0.47826087	0.602272727	0.461538462	0.651685393	0.259259259	0.446808511	0.446808511	0.362637363	0.277108434	0.488095238	0.260869565	0.584158416	0.362637363	0.640449438	0.320987654	0.467391304	0.546391753	0.340659341	0.162790698	0.276595745	0.25	0.098765432	0.619047619	0.265957447	0.277108434	0.465116279	0.446808511	0.489361702	0.32967033	0.548387097	0.417582418	0.365591398	0.357142857	0.461538462	0.404255319	0.461538462	0.5875	0.390804598	0.458333333	0.325581395	0.505376344	0.325581395	0.511904762	0.670731707	0.5	0.283950617	0.472527473	0.411111111	0.471264368	0.422222222	0.556701031	0.525773196	1	0.277108434	0.325581395	0.462365591	0.425742574	0.425742574	0.488095238	0.544444444	0.461538462	0.531914894	0.233333333	0.340659341	0.360824742	0.402173913	0.263736264	0.511111111	0.505494505	0.326086957	0.148148148	0.443298969	0.427083333	0.67816092	0.392405063	0.427083333	0.470588235	0.494623656	0.348837209	0.144578313	0.360824742	0.395604396	0.43877551	0.386363636	0.397727273	0.409090909	0.388235294	0.489583333	0.409090909	0.697674419	0.5625
0.326923077	0.419354839	0.347826087	0.49122807	0.32	0.862068966	0.396825397	0.396825397	0.288135593	1	0.4	0.307692308	0.302325581	0.245901639	0.306666667	0.84375	0.403225806	0.307692308	0.298245614	0.209302326	0.058823529	0.367346939	0.025	0.23943662	0.392156863	0.567567568	0.147058824	0.396825397	0.164556962	0.140625	0.2	0.5	0.338983051	0.393442623	0.49122807	0.2	0.49122807	0.362068966	0.622222222	0.295774648	0.157894737	0.373134328	0.32	0.295081967	0.308823529	0.363636364	0.931034483	0.264705882	0.519230769	0.15942029	0.212121212	0.211764706	0.351351351	0.277108434	1	0.178571429	0.275362319	0.246753247	0.246753247	0.4	0.3	0.268656716	0.297297297	0.26	0.193548387	0.4	0.246153846	0.31372549	0.442622951	0.171052632	0.37037037	0.363636364	0.210526316	0.308823529	0.306666667	0.192307692	0.308823529	0.327586207	0.213333333	0.192982456	0.119047619	0.4	0.253968254	0.309859155	0.608695652	0.339285714	0.288135593	0.346153846	0.376811594	0.1875	0.225	0.342105263
0.222222222	0.315068493	0.364864865	0.367647059	0.371794872	0.169811321	0.352112676	0.352112676	0.2	0.178571429	0.287878788	0.245901639	0.363636364	0.3125	0.394736842	0.155172414	0.301369863	0.358024691	0.389830508	0.25	0.403508772	0.229508197	0.139534884	0.432835821	0.179104478	0.178571429	0.457627119	0.352112676	0.19047619	0.285714286	0.464788732	0.328358209	0.242857143	0.256756757	0.367647059	0.243243243	0.367647059	0.279411765	0.191176471	0.369863014	0.48	0.333333333	0.193548387	0.298507463	0.426470588	0.324324324	0.163636364	0.402985075	0.338461538	0.442622951	0.419354839	0.337349398	0.35	0.325581395	0.178571429	1	0.5	0.350649351	0.350649351	0.517857143	0.375	0.409090909	0.350649351	0.479166667	0.344262295	0.260273973	0.369230769	0.153846154	0.391304348	0.366197183	0.242424242	0.127659574	0.408450704	0.366197183	0.394736842	0.37254902	0.366197183	0.268656716	0.375	0.333333333	0.12244898	0.260273973	0.225352113	0.346666667	0.188405797	0.338709677	0.235294118	0.368421053	0.320512821	0.333333333	0.292682927	0.41025641
0.269230769	0.532467532	0.556962025	0.474358974	0.554216867	0.272727273	0.552631579	0.552631579	0.413333333	0.275362319	0.407894737	0.272727273	0.613636364	0.536231884	0.56097561	0.271428571	0.519480519	0.534883721	0.386666667	0.223880597	0.342105263	0.276315789	0.059701493	0.43902439	0.2625	0.257142857	0.402597403	0.552631579	0.311827957	0.430555556	0.575	0.441558442	0.297619048	0.369047619	0.474358974	0.373493976	0.474358974	0.493150685	0.320512821	0.50617284	0.5	0.584415584	0.333333333	0.297619048	0.506329114	0.481481481	0.264705882	0.526315789	0.434210526	0.392405063	0.617647059	0.546511628	0.547619048	0.462365591	0.275362319	0.5	1	0.536585366	0.536585366	0.507042254	0.53164557	0.493506494	0.615384615	0.388059701	0.405405405	0.373493976	0.441558442	0.197530864	0.493670886	0.545454545	0.316455696	0.102941176	0.584415584	0.525641026	0.542168675	0.483870968	0.525641026	0.426666667	0.49382716	0.324324324	0.132352941	0.373493976	0.472972973	0.5	0.316455696	0.544117647	0.413333333	0.492537313	0.5625	0.536231884	0.454545455	0.571428571
0.35443038	0.615384615	0.471910112	0.5375	0.539325843	0.243243243	0.5	0.5	0.407407407	0.246753247	0.474358974	0.358974359	0.5625	0.407407407	0.563218391	0.293333333	0.602564103	0.52173913	0.417721519	0.2	0.325301205	0.381578947	0.053333333	0.4	0.415584416	0.297297297	0.397590361	0.5	0.274509804	0.353658537	0.472527473	0.506329114	0.409638554	0.518518519	0.5375	0.402298851	0.5375	0.409638554	0.3875	0.666666667	0.350649351	0.511627907	0.316455696	0.3	0.443181818	0.471264368	0.253333333	0.476190476	0.5	0.404761905	0.421686747	0.396039604	0.642857143	0.425742574	0.246753247	0.350649351	0.536585366	1	1	0.4375	0.554216867	0.447058824	0.558139535	0.311688312	0.382716049	0.50617284	0.38372093	0.363636364	0.555555556	0.443181818	0.435897436	0.136986301	0.460674157	0.649350649	0.511111111	0.351351351	0.649350649	0.419753086	0.517647059	0.341772152	0.133333333	0.50617284	0.444444444	0.6375	0.382716049	0.527027027	0.425	0.479452055	0.62195122	0.407407407	0.36	0.627906977
0.35443038	0.615384615	0.471910112	0.5375	0.539325843	0.243243243	0.5	0.5	0.407407407	0.246753247	0.474358974	0.358974359	0.5625	0.407407407	0.563218391	0.293333333	0.602564103	0.52173913	0.417721519	0.2	0.325301205	0.381578947	0.053333333	0.4	0.415584416	0.297297297	0.397590361	0.5	0.274509804	0.353658537	0.472527473	0.506329114	0.409638554	0.518518519	0.5375	0.402298851	0.5375	0.409638554	0.3875	0.666666667	0.350649351	0.511627907	0.316455696	0.3	0.443181818	0.471264368	0.253333333	0.476190476	0.5	0.404761905	0.421686747	0.396039604	0.642857143	0.425742574	0.246753247	0.350649351	0.536585366	1	1	0.4375	0.554216867	0.447058824	0.558139535	0.311688312	0.382716049	0.50617284	0.38372093	0.363636364	0.555555556	0.443181818	0.435897436	0.136986301	0.460674157	0.649350649	0.511111111	0.351351351	0.649350649	0.419753086	0.517647059	0.341772152	0.133333333	0.50617284	0.444444444	0.6375	0.382716049	0.527027027	0.425	0.479452055	0.62195122	0.407407407	0.36	0.627906977
0.353846154	0.528571429	0.534246575	0.625	0.493670886	0.377358491	0.445945946	0.445945946	0.266666667	0.4	0.411764706	0.338461538	0.505747126	0.357142857	0.56	0.368421053	0.514285714	0.423529412	0.5	0.267857143	0.358208955	0.34375	0.071428571	0.445945946	0.343283582	0.4	0.426470588	0.445945946	0.180851064	0.243243243	0.474358974	0.538461538	0.420289855	0.444444444	0.625	0.271604938	0.625	0.507692308	0.415384615	0.48	0.393442623	0.441558442	0.268656716	0.4	0.521126761	0.379746835	0.388888889	0.438356164	0.555555556	0.414285714	0.375	0.355555556	0.545454545	0.488095238	0.4	0.517857143	0.507042254	0.4375	0.4375	1	0.466666667	0.464788732	0.455696203	0.464285714	0.347826087	0.450704225	0.428571429	0.246376812	0.646153846	0.35	0.453125	0.20754717	0.405063291	0.44	0.539473684	0.421052632	0.44	0.391304348	0.447368421	0.380952381	0.157894737	0.450704225	0.289473684	0.454545455	0.409090909	0.46875	0.25	0.412698413	0.5	0.376811594	0.344827586	0.551282051
0.275	0.571428571	0.575	0.456790123	0.783783784	0.279411765	0.49382716	0.49382716	0.513888889	0.3	0.527777778	0.278481013	0.526315789	0.434210526	0.658227848	0.352941176	0.558441558	0.551724138	0.465753425	0.133333333	0.265060241	0.265822785	0.088235294	0.53164557	0.283950617	0.338235294	0.3875	0.49382716	0.344086022	0.413333333	0.573170732	0.443037975	0.317647059	0.404761905	0.456790123	0.5	0.456790123	0.577464789	0.413333333	0.524390244	0.455882353	0.524390244	0.414285714	0.317647059	0.671232877	0.5	0.308823529	0.525641026	0.417721519	0.395061728	0.527027027	0.446808511	0.564705882	0.544444444	0.3	0.375	0.53164557	0.554216867	0.554216867	0.466666667	1	0.552631579	0.72	0.215189873	0.38961039	0.426829268	0.407407407	0.219512195	0.475609756	0.525	0.273809524	0.238095238	0.470588235	0.50617284	0.6375	0.376811594	0.50617284	0.571428571	0.61038961	0.485294118	0.142857143	0.426829268	0.454545455	0.518072289	0.38961039	0.44	0.535211268	0.471428571	0.641025641	0.3625	0.43956044	0.626506024
0.215189873	0.493506494	0.481481481	0.365853659	0.555555556	0.246153846	0.402439024	0.402439024	0.410958904	0.268656716	0.444444444	0.217948718	0.404040404	0.430555556	0.666666667	0.264705882	0.5	0.465909091	0.383561644	0.161764706	0.394366197	0.236842105	0.079365079	0.554054054	0.180722892	0.231884058	0.458333333	0.402439024	0.322222222	0.351351351	0.518518519	0.333333333	0.292682927	0.287356322	0.365853659	0.441558442	0.365853659	0.413333333	0.265822785	0.43373494	0.5	0.469135802	0.430769231	0.358974359	0.611111111	0.444444444	0.276923077	0.614285714	0.341772152	0.486111111	0.528571429	0.477272727	0.530120482	0.461538462	0.268656716	0.409090909	0.493506494	0.447058824	0.447058824	0.464788732	0.552631579	1	0.518518519	0.285714286	0.553846154	0.305882353	0.5	0.220779221	0.419753086	0.633802817	0.24691358	0.142857143	0.525641026	0.432098765	0.543209877	0.369230769	0.432098765	0.464788732	0.573333333	0.319444444	0.138461538	0.305882353	0.536231884	0.428571429	0.2625	0.569230769	0.514705882	0.590163934	0.487804878	0.373333333	0.453488372	0.535714286
0.3375	0.536585366	0.658227848	0.413793103	0.7125	0.277777778	0.555555556	0.555555556	0.605633803	0.297297297	0.533333333	0.325	0.630434783	0.407407407	0.7	0.328767123	0.524390244	0.573033708	0.454545455	0.139240506	0.294117647	0.280487805	0.053333333	0.555555556	0.297619048	0.297297297	0.380952381	0.555555556	0.368421053	0.460526316	0.614457831	0.416666667	0.3	0.382022472	0.413793103	0.525	0.413793103	0.581081081	0.423076923	0.511627907	0.464788732	0.547619048	0.386666667	0.329545455	0.5875	0.505882353	0.305555556	0.675675676	0.392857143	0.404761905	0.710144928	0.566666667	0.623529412	0.531914894	0.297297297	0.350649351	0.615384615	0.558139535	0.558139535	0.455696203	0.72	0.518518519	1	0.231707317	0.417721519	0.386363636	0.469135802	0.280487805	0.465116279	0.628205128	0.302325581	0.220588235	0.604938272	0.511904762	0.638554217	0.428571429	0.511904762	0.493506494	0.632911392	0.472222222	0.180555556	0.386363636	0.539473684	0.523255814	0.382716049	0.527027027	0.540540541	0.542857143	0.602409639	0.480519481	0.431578947	0.686746988
0.275862069	0.309859155	0.240506329	0.40625	0.238095238	0.204081633	0.291666667	0.291666667	0.157142857	0.26	0.261538462	0.327272727	0.344827586	0.35	0.2875	0.230769231	0.295774648	0.320987654	0.410714286	0.5	0.283333333	0.384615385	0.179487179	0.256756757	0.310344828	0.26	0.296875	0.291666667	0.154761905	0.2	0.294871795	0.409836066	0.3125	0.304347826	0.40625	0.186666667	0.40625	0.253731343	0.238095238	0.347222222	0.245614035	0.276315789	0.203389831	0.235294118	0.253333333	0.25	0.22	0.246575342	0.423728814	0.307692308	0.268656716	0.285714286	0.329113924	0.233333333	0.26	0.479166667	0.388059701	0.311688312	0.311688312	0.464285714	0.215189873	0.285714286	0.231707317	1	0.234375	0.308823529	0.323076923	0.220338983	0.409090909	0.220779221	0.338983051	0.136363636	0.276315789	0.362318841	0.2875	0.288461538	0.362318841	0.261538462	0.263157895	0.140625	0.130434783	0.308823529	0.183098592	0.324324324	0.234375	0.379310345	0.157142857	0.293103448	0.298701299	0.306451613	0.240963855	0.3375
0.214285714	0.424657534	0.415584416	0.2625	0.402439024	0.206896552	0.316455696	0.316455696	0.373134328	0.193548387	0.388059701	0.235294118	0.319587629	0.314285714	0.443037975	0.19047619	0.430555556	0.311111111	0.304347826	0.172413793	0.333333333	0.220588235	0.055555556	0.386666667	0.191780822	0.138461538	0.492063492	0.316455696	0.227272727	0.271428571	0.4	0.243589744	0.217948718	0.24691358	0.2625	0.298701299	0.2625	0.338028169	0.219178082	0.421052632	0.576923077	0.317073171	0.28125	0.283783784	0.438356164	0.325	0.2	0.569230769	0.25	0.5	0.454545455	0.4	0.46835443	0.340659341	0.193548387	0.344262295	0.405405405	0.382716049	0.382716049	0.347826087	0.38961039	0.553846154	0.417721519	0.234375	1	0.265822785	0.447761194	0.23880597	0.316455696	0.5	0.232876712	0.089285714	0.542857143	0.418918919	0.390243902	0.322033898	0.418918919	0.256756757	0.407894737	0.292307692	0.188679245	0.265822785	0.397058824	0.415584416	0.216216216	0.467741935	0.393939394	0.535714286	0.405063291	0.352941176	0.310344828	0.43902439
0.461538462	0.52	0.4	0.632352941	0.453488372	0.355932203	0.390243902	0.390243902	0.307692308	0.4	0.391891892	0.492063492	0.483870968	0.378378378	0.393258427	0.416666667	0.506666667	0.454545455	0.492537313	0.258064516	0.180722892	0.524590164	0.046875	0.252747253	0.616666667	0.423728814	0.253012048	0.390243902	0.229166667	0.253164557	0.311827957	0.646153846	0.52173913	0.947368421	0.632352941	0.341463415	0.632352941	0.4	0.5	0.616438356	0.243243243	0.404761905	0.277777778	0.3125	0.352941176	0.364705882	0.366666667	0.302325581	0.640625	0.261904762	0.261904762	0.29	0.5	0.360824742	0.4	0.260273973	0.373493976	0.50617284	0.50617284	0.450704225	0.426829268	0.305882353	0.386363636	0.308823529	0.265822785	1	0.371794872	0.430769231	0.583333333	0.263736264	0.538461538	0.245614035	0.282608696	0.61971831	0.377777778	0.205479452	0.61971831	0.391891892	0.409638554	0.362318841	0.237288136	1	0.296296296	0.608108108	0.449275362	0.364864865	0.307692308	0.352112676	0.53164557	0.36	0.278350515	0.542168675
0.314285714	0.441558442	0.380952381	0.384615385	0.452380952	0.203125	0.353658537	0.353658537	0.302631579	0.246153846	0.369863014	0.31884058	0.451612903	0.414285714	0.49382716	0.261538462	0.428571429	0.373626374	0.492307692	0.153846154	0.357142857	0.304347826	0.084745763	0.423076923	0.27027027	0.246153846	0.402777778	0.353658537	0.292134831	0.333333333	0.469135802	0.350649351	0.342105263	0.35	0.384615385	0.273809524	0.384615385	0.378378378	0.315068493	0.4375	0.412698413	0.352941176	0.271428571	0.378378378	0.365853659	0.329411765	0.234375	0.453333333	0.36	0.410958904	0.450704225	0.415730337	0.464285714	0.402173913	0.246153846	0.369230769	0.441558442	0.38372093	0.38372093	0.428571429	0.407407407	0.5	0.469135802	0.323076923	0.447761194	0.371794872	1	0.25	0.423076923	0.493333333	0.366197183	0.133333333	0.691176471	0.417721519	0.390804598	0.49122807	0.417721519	0.298701299	0.561643836	0.263888889	0.186440678	0.371794872	0.36	0.414634146	0.293333333	0.420289855	0.337837838	0.476190476	0.43902439	0.546875	0.423529412	0.524390244
0.591836735	0.347222222	0.324675325	0.362318841	0.333333333	0.285714286	0.227848101	0.227848101	0.231884058	0.31372549	0.34375	0.638297872	0.287234043	0.133333333	0.320987654	0.333333333	0.352112676	0.321428571	0.317460317	0.244897959	0.094594595	0.583333333	0	0.197530864	0.568627451	0.31372549	0.208333333	0.227848101	0.134831461	0.138888889	0.193181818	0.384615385	0.517241379	0.424242424	0.362318841	0.192307692	0.362318841	0.313432836	0.413793103	0.442857143	0.153846154	0.231707317	0.153846154	0.353846154	0.272727273	0.2375	0.3	0.266666667	0.396825397	0.219178082	0.186666667	0.178947368	0.379746835	0.263736264	0.31372549	0.153846154	0.197530864	0.363636364	0.363636364	0.246376812	0.219512195	0.220779221	0.280487805	0.220338983	0.23880597	0.430769231	0.25	1	0.405797101	0.240506329	0.566037736	0.2	0.202380952	0.462686567	0.3375	0.14516129	0.462686567	0.178082192	0.298701299	0.262295082	0.333333333	0.430769231	0.189189189	0.457142857	0.383333333	0.272727273	0.231884058	0.274193548	0.350649351	0.268656716	0.215909091	0.3875
0.455882353	0.594594595	0.576923077	0.916666667	0.535714286	0.4	0.493670886	0.493670886	0.325	0.442622951	0.550724638	0.441176471	0.595505618	0.358974359	0.542168675	0.483333333	0.581081081	0.517241379	0.575757576	0.261538462	0.275	0.46969697	0.044117647	0.43902439	0.485294118	0.466666667	0.421052632	0.493670886	0.244897959	0.240963855	0.431818182	0.790322581	0.535211268	0.575342466	0.916666667	0.310344828	0.916666667	0.557142857	0.560606061	0.671232877	0.315068493	0.469879518	0.297297297	0.434210526	0.545454545	0.463414634	0.433333333	0.380952381	0.786885246	0.428571429	0.375	0.371134021	0.64556962	0.511111111	0.442622951	0.391304348	0.493670886	0.555555556	0.555555556	0.646153846	0.475609756	0.419753086	0.465116279	0.409090909	0.316455696	0.583333333	0.423076923	0.405797101	1	0.352272727	0.575757576	0.229508197	0.418604651	0.630136986	0.56097561	0.373134328	0.630136986	0.407894737	0.423529412	0.361111111	0.222222222	0.583333333	0.329268293	0.684931507	0.552238806	0.458333333	0.341772152	0.388888889	0.602564103	0.394736842	0.376344086	0.670886076
0.219512195	0.451219512	0.55	0.303370787	0.604938272	0.148648649	0.4	0.4	0.550724638	0.171052632	0.421052632	0.222222222	0.474226804	0.371794872	0.653846154	0.2	0.456790123	0.494382022	0.3125	0.121621622	0.337662338	0.209876543	0.074626866	0.586666667	0.186046512	0.171052632	0.415584416	0.4	0.397727273	0.507246377	0.628205128	0.287356322	0.264367816	0.260869565	0.303370787	0.493506494	0.303370787	0.506849315	0.268292683	0.397727273	0.564516129	0.464285714	0.347222222	0.341463415	0.578947368	0.457831325	0.175675676	0.647887324	0.279069767	0.441558442	0.734375	0.576470588	0.541176471	0.505494505	0.171052632	0.366197183	0.545454545	0.443181818	0.443181818	0.35	0.525	0.633802817	0.628205128	0.220779221	0.5	0.263736264	0.493333333	0.240506329	0.352272727	1	0.235294118	0.117647059	0.618421053	0.395348837	0.592592593	0.430769231	0.395348837	0.421052632	0.584415584	0.32	0.21875	0.263736264	0.549295775	0.393258427	0.25	0.452054795	0.573529412	0.507462687	0.482352941	0.507042254	0.5	0.528735632
0.770833333	0.424657534	0.379746835	0.553846154	0.352941176	0.346153846	0.316455696	0.316455696	0.194805195	0.37037037	0.309859155	0.714285714	0.391304348	0.226666667	0.357142857	0.363636364	0.410958904	0.372093023	0.475409836	0.259259259	0.189189189	0.765957447	0.017857143	0.238095238	0.775510204	0.450980392	0.27027027	0.316455696	0.136842105	0.098765432	0.272727273	0.46969697	0.9	0.53030303	0.553846154	0.176470588	0.553846154	0.357142857	0.435483871	0.588235294	0.188405797	0.317073171	0.171428571	0.507936508	0.280487805	0.308641975	0.358490566	0.228915663	0.484375	0.28	0.230769231	0.252631579	0.432098765	0.326086957	0.37037037	0.242424242	0.316455696	0.435897436	0.435897436	0.453125	0.273809524	0.24691358	0.302325581	0.338983051	0.232876712	0.538461538	0.366197183	0.566037736	0.575757576	0.235294118	1	0.22	0.270588235	0.567164179	0.341176471	0.238095238	0.567164179	0.207792208	0.371794872	0.333333333	0.340425532	0.538461538	0.158536585	0.602941176	0.40625	0.31884058	0.194805195	0.28358209	0.441558442	0.314285714	0.266666667	0.475
0.302325581	0.209677419	0.230769231	0.24137931	0.194444444	0.322580645	0.19047619	0.19047619	0.26	0.363636364	0.254901961	0.30952381	0.178571429	0.145454545	0.164383562	0.393939394	0.213114754	0.186666667	0.355555556	0.083333333	0.017241379	0.285714286	0	0.19047619	0.288888889	0.451612903	0.101694915	0.19047619	0.144927536	0.153846154	0.136986301	0.283018868	0.222222222	0.24137931	0.24137931	0.203389831	0.24137931	0.245283019	0.333333333	0.179104478	0.104166667	0.144927536	0.204545455	0.245283019	0.1875	0.184615385	0.387096774	0.140625	0.269230769	0.116666667	0.13559322	0.125	0.191780822	0.148148148	0.363636364	0.127659574	0.102941176	0.136986301	0.136986301	0.20754717	0.238095238	0.142857143	0.220588235	0.136363636	0.089285714	0.245614035	0.133333333	0.2	0.229508197	0.117647059	0.22	1	0.082191781	0.1875	0.164383562	0.065217391	0.1875	0.230769231	0.164179104	0.30952381	0.214285714	0.245614035	0.178571429	0.176470588	0.29787234	0.148148148	0.211538462	0.14	0.242424242	0.086206897	0.103896104	0.202702703
0.226190476	0.469879518	0.530120482	0.367816092	0.528735632	0.205479452	0.487804878	0.487804878	0.447368421	0.210526316	0.405063291	0.228915663	0.505154639	0.428571429	0.590361446	0.24	0.457831325	0.47826087	0.384615385	0.131578947	0.394736842	0.231707317	0.071428571	0.50617284	0.193181818	0.179487179	0.493333333	0.487804878	0.369565217	0.407894737	0.604938272	0.32183908	0.255555556	0.279569892	0.367816092	0.388235294	0.367816092	0.4125	0.289156627	0.448275862	0.538461538	0.5	0.298701299	0.313953488	0.5	0.458823529	0.2	0.6	0.313953488	0.5	0.628571429	0.556818182	0.558139535	0.443298969	0.210526316	0.408450704	0.584415584	0.460674157	0.460674157	0.405063291	0.470588235	0.525641026	0.604938272	0.276315789	0.542857143	0.282608696	0.691176471	0.202380952	0.418604651	0.618421053	0.270588235	0.082191781	1	0.430232558	0.5	0.5	0.430232558	0.337349398	0.524390244	0.259259259	0.157142857	0.282608696	0.467532468	0.443181818	0.285714286	0.453333333	0.428571429	0.529411765	0.482758621	0.527777778	0.466666667	0.581395349
0.515151515	0.586666667	0.55	0.589041096	0.547619048	0.287878788	0.451219512	0.451219512	0.320987654	0.308823529	0.5	0.523076923	0.571428571	0.407894737	0.554216867	0.363636364	0.573333333	0.564705882	0.590909091	0.220588235	0.303797468	0.555555556	0.028571429	0.352272727	0.545454545	0.390625	0.415584416	0.451219512	0.205882353	0.253012048	0.426966292	0.6	0.549295775	0.589041096	0.589041096	0.337209302	0.589041096	0.428571429	0.444444444	0.952380952	0.385714286	0.430232558	0.276315789	0.375	0.463414634	0.423529412	0.298507463	0.392857143	0.571428571	0.423076923	0.423076923	0.425531915	0.617283951	0.427083333	0.308823529	0.366197183	0.525641026	0.649350649	0.649350649	0.44	0.50617284	0.432098765	0.511904762	0.362318841	0.418918919	0.61971831	0.417721519	0.462686567	0.630136986	0.395348837	0.567164179	0.1875	0.430232558	1	0.517647059	0.291666667	1	0.367088608	0.50617284	0.455882353	0.238095238	0.61971831	0.325301205	0.907692308	0.4	0.492957746	0.320987654	0.463768116	0.636363636	0.38961039	0.34375	0.705128205
0.297619048	0.6	0.727272727	0.506024096	0.782051282	0.27027027	0.542168675	0.542168675	0.432098765	0.306666667	0.647887324	0.285714286	0.6	0.318181818	0.746835443	0.356164384	0.607594937	0.651162791	0.373493976	0.164556962	0.287356322	0.289156627	0.065789474	0.641025641	0.305882353	0.306666667	0.456790123	0.542168675	0.294117647	0.345238095	0.619047619	0.475609756	0.367816092	0.373626374	0.506024096	0.409090909	0.506024096	0.676056338	0.486842105	0.534883721	0.432432432	0.609756098	0.325	0.38372093	0.842857143	0.547619048	0.297297297	0.575	0.469135802	0.481481481	0.518987342	0.444444444	0.666666667	0.67816092	0.306666667	0.394736842	0.542168675	0.511111111	0.511111111	0.539473684	0.6375	0.543209877	0.638554217	0.2875	0.390243902	0.377777778	0.390804598	0.3375	0.56097561	0.592592593	0.341176471	0.164383562	0.5	0.517647059	1	0.397260274	0.517647059	0.4625	0.523255814	0.421052632	0.16	0.377777778	0.451219512	0.528735632	0.461538462	0.493506494	0.487179487	0.447368421	0.607142857	0.397590361	0.452631579	0.670588235
0.216666667	0.373134328	0.366197183	0.328358209	0.391891892	0.208333333	0.352941176	0.352941176	0.355932203	0.192307692	0.372881356	0.2	0.364705882	0.355932203	0.436619718	0.188679245	0.358208955	0.308641975	0.3	0.142857143	0.245901639	0.163934426	0.097560976	0.46031746	0.136363636	0.127272727	0.366666667	0.352941176	0.28	0.283333333	0.428571429	0.287878788	0.220588235	0.202702703	0.328358209	0.23943662	0.328358209	0.406779661	0.241935484	0.297297297	0.428571429	0.391304348	0.25	0.220588235	0.388059701	0.323943662	0.2	0.428571429	0.296875	0.35483871	0.423728814	0.304878049	0.368421053	0.392405063	0.192307692	0.37254902	0.483870968	0.351351351	0.351351351	0.421052632	0.376811594	0.369230769	0.428571429	0.288461538	0.322033898	0.205479452	0.49122807	0.14516129	0.373134328	0.430769231	0.238095238	0.065217391	0.5	0.291666667	0.397260274	1	0.291666667	0.265625	0.439393939	0.220338983	0.159090909	0.205479452	0.296875	0.276315789	0.238095238	0.436363636	0.333333333	0.510204082	0.356164384	0.538461538	0.397260274	0.413333333
0.515151515	0.586666667	0.55	0.589041096	0.547619048	0.287878788	0.451219512	0.451219512	0.320987654	0.308823529	0.5	0.523076923	0.571428571	0.407894737	0.554216867	0.363636364	0.573333333	0.564705882	0.590909091	0.220588235	0.303797468	0.555555556	0.028571429	0.352272727	0.545454545	0.390625	0.415584416	0.451219512	0.205882353	0.253012048	0.426966292	0.6	0.549295775	0.589041096	0.589041096	0.337209302	0.589041096	0.428571429	0.444444444	0.952380952	0.385714286	0.430232558	0.276315789	0.375	0.463414634	0.423529412	0.298507463	0.392857143	0.571428571	0.423076923	0.423076923	0.425531915	0.617283951	0.427083333	0.308823529	0.366197183	0.525641026	0.649350649	0.649350649	0.44	0.50617284	0.432098765	0.511904762	0.362318841	0.418918919	0.61971831	0.417721519	0.462686567	0.630136986	0.395348837	0.567164179	0.1875	0.430232558	1	0.517647059	0.291666667	1	0.367088608	0.50617284	0.455882353	0.238095238	0.61971831	0.325301205	0.907692308	0.4	0.492957746	0.320987654	0.463768116	0.636363636	0.38961039	0.34375	0.705128205
0.189189189	0.445945946	0.382716049	0.424657534	0.552631579	0.303571429	0.465753425	0.465753425	0.484375	0.327586207	0.371428571	0.208333333	0.423913043	0.417910448	0.519480519	0.392857143	0.432432432	0.5125	0.367647059	0.203389831	0.263888889	0.228571429	0.111111111	0.465753425	0.232876712	0.375	0.310810811	0.465753425	0.3875	0.393939394	0.455696203	0.449275362	0.256410256	0.386666667	0.424657534	0.560606061	0.424657534	0.462686567	0.314285714	0.353658537	0.307692308	0.48	0.634615385	0.272727273	0.521126761	0.535211268	0.339285714	0.4	0.441176471	0.32	0.414285714	0.370786517	0.416666667	0.470588235	0.327586207	0.268656716	0.426666667	0.419753086	0.419753086	0.391304348	0.571428571	0.464788732	0.493506494	0.261538462	0.256756757	0.391891892	0.298701299	0.178082192	0.407894737	0.421052632	0.207792208	0.230769231	0.337349398	0.367088608	0.4625	0.265625	0.367088608	1	0.41025641	0.242857143	0.081967213	0.391891892	0.507692308	0.34939759	0.309859155	0.402985075	0.532258065	0.390625	0.425	0.319444444	0.444444444	0.423529412
0.342105263	0.53164557	0.465116279	0.372093023	0.609756098	0.191780822	0.423529412	0.423529412	0.434210526	0.213333333	0.428571429	0.328947368	0.526315789	0.379746835	0.701298701	0.210526316	0.518987342	0.534090909	0.445945946	0.148648649	0.329113924	0.315789474	0.072463768	0.5125	0.316455696	0.22972973	0.3875	0.423529412	0.344086022	0.394736842	0.592592593	0.341176471	0.435897436	0.388235294	0.372093023	0.481012658	0.372093023	0.417721519	0.308641975	0.524390244	0.455882353	0.506024096	0.434782609	0.34939759	0.50617284	0.464285714	0.219178082	0.506329114	0.333333333	0.395061728	0.547945205	0.462365591	0.564705882	0.494623656	0.213333333	0.375	0.49382716	0.517647059	0.517647059	0.447368421	0.61038961	0.573333333	0.632911392	0.263157895	0.407894737	0.409638554	0.561643836	0.298701299	0.423529412	0.584415584	0.371794872	0.164179104	0.524390244	0.50617284	0.523255814	0.439393939	0.50617284	0.41025641	1	0.383561644	0.176470588	0.409638554	0.454545455	0.518072289	0.273809524	0.479452055	0.493150685	0.537313433	0.542168675	0.535211268	0.43956044	0.626506024
0.362068966	0.324324324	0.492753623	0.319444444	0.434210526	0.20754717	0.240506329	0.240506329	0.28358209	0.192982456	0.45	0.344827586	0.355555556	0.228571429	0.367088608	0.254545455	0.328767123	0.317647059	0.423728814	0.107142857	0.188405797	0.305084746	0.02	0.342465753	0.306451613	0.36	0.294117647	0.240506329	0.146067416	0.185714286	0.308641975	0.31884058	0.328358209	0.357142857	0.319444444	0.253333333	0.319444444	0.435483871	0.338709677	0.47826087	0.407407407	0.228915663	0.117647059	0.308823529	0.434782609	0.219512195	0.2	0.352112676	0.289855072	0.285714286	0.363636364	0.284090909	0.375	0.348837209	0.192982456	0.333333333	0.324324324	0.341772152	0.341772152	0.380952381	0.485294118	0.319444444	0.472222222	0.140625	0.292307692	0.362318841	0.263888889	0.262295082	0.361111111	0.32	0.333333333	0.30952381	0.259259259	0.455882353	0.421052632	0.220338983	0.455882353	0.242857143	0.383561644	1	0.239130435	0.362318841	0.219178082	0.471428571	0.292307692	0.25	0.246376812	0.290322581	0.4	0.211267606	0.213483146	0.435897436
0.45	0.132352941	0.223880597	0.193548387	0.157894737	0.131578947	0.026666667	0.026666667	0.203703704	0.119047619	0.157894737	0.461538462	0.147727273	0.120689655	0.175675676	0.142857143	0.134328358	0.12345679	0.211538462	0.138888889	0.051724138	0.435897436	0	0.115942029	0.363636364	0.119047619	0.116666667	0.026666667	0.125	0.068965517	0.118421053	0.228070175	0.333333333	0.233333333	0.193548387	0.140625	0.193548387	0.192982456	0.169811321	0.227272727	0.170212766	0.051948052	0.037735849	0.283018868	0.147058824	0.039473684	0.125	0.136363636	0.214285714	0.112903226	0.189655172	0.164556962	0.186666667	0.144578313	0.119047619	0.12244898	0.132352941	0.133333333	0.133333333	0.157894737	0.142857143	0.138461538	0.180555556	0.130434783	0.188679245	0.237288136	0.186440678	0.333333333	0.222222222	0.21875	0.340425532	0.214285714	0.157142857	0.238095238	0.16	0.159090909	0.238095238	0.081967213	0.176470588	0.239130435	1	0.237288136	0.079365079	0.242424242	0.125	0.122807018	0.160714286	0.156862745	0.183098592	0.25	0.12987013	0.213333333
0.461538462	0.52	0.4	0.632352941	0.453488372	0.355932203	0.390243902	0.390243902	0.307692308	0.4	0.391891892	0.492063492	0.483870968	0.378378378	0.393258427	0.416666667	0.506666667	0.454545455	0.492537313	0.258064516	0.180722892	0.524590164	0.046875	0.252747253	0.616666667	0.423728814	0.253012048	0.390243902	0.229166667	0.253164557	0.311827957	0.646153846	0.52173913	0.947368421	0.632352941	0.341463415	0.632352941	0.4	0.5	0.616438356	0.243243243	0.404761905	0.277777778	0.3125	0.352941176	0.364705882	0.366666667	0.302325581	0.640625	0.261904762	0.261904762	0.29	0.5	0.360824742	0.4	0.260273973	0.373493976	0.50617284	0.50617284	0.450704225	0.426829268	0.305882353	0.386363636	0.308823529	0.265822785	1	0.371794872	0.430769231	0.583333333	0.263736264	0.538461538	0.245614035	0.282608696	0.61971831	0.377777778	0.205479452	0.61971831	0.391891892	0.409638554	0.362318841	0.237288136	1	0.296296296	0.608108108	0.449275362	0.364864865	0.307692308	0.352112676	0.53164557	0.36	0.278350515	0.542168675
0.139240506	0.493150685	0.407407407	0.325	0.481481481	0.229508197	0.535211268	0.535211268	0.616666667	0.253968254	0.420289855	0.155844156	0.4	0.426470588	0.506329114	0.290322581	0.5	0.464285714	0.266666667	0.123076923	0.347826087	0.157894737	0.087719298	0.453333333	0.164556962	0.234375	0.32	0.535211268	0.37804878	0.620689655	0.444444444	0.342105263	0.149425287	0.292682927	0.325	0.52173913	0.325	0.408450704	0.287671233	0.313953488	0.338461538	0.506666667	0.5	0.204819277	0.447368421	0.5	0.262295082	0.573529412	0.333333333	0.346666667	0.442857143	0.393258427	0.457831325	0.395604396	0.253968254	0.225352113	0.472972973	0.444444444	0.444444444	0.289473684	0.454545455	0.536231884	0.539473684	0.183098592	0.397058824	0.296296296	0.36	0.189189189	0.329268293	0.549295775	0.158536585	0.178571429	0.467532468	0.325301205	0.451219512	0.296875	0.325301205	0.507692308	0.454545455	0.219178082	0.079365079	0.296296296	1	0.310344828	0.283783784	0.523809524	0.644067797	0.516666667	0.46835443	0.426470588	0.4	0.447058824
0.507246377	0.597402597	0.580246914	0.621621622	0.558139535	0.289855072	0.481927711	0.481927711	0.321428571	0.309859155	0.513513514	0.492753623	0.597826087	0.37037037	0.546511628	0.342857143	0.584415584	0.556818182	0.557142857	0.225352113	0.304878049	0.545454545	0.027027027	0.351648352	0.536231884	0.367647059	0.430379747	0.481927711	0.20952381	0.24137931	0.43956044	0.567567568	0.583333333	0.578947368	0.621621622	0.337078652	0.621621622	0.443037975	0.459459459	0.953846154	0.383561644	0.459770115	0.278481013	0.373493976	0.476190476	0.453488372	0.3	0.390804598	0.540540541	0.4375	0.4375	0.4375	0.626506024	0.43877551	0.309859155	0.346666667	0.5	0.6375	0.6375	0.454545455	0.518072289	0.428571429	0.523255814	0.324324324	0.415584416	0.608108108	0.414634146	0.457142857	0.684931507	0.393258427	0.602941176	0.176470588	0.443181818	0.907692308	0.528735632	0.276315789	0.907692308	0.34939759	0.518072289	0.471428571	0.242424242	0.608108108	0.310344828	1	0.415584416	0.447368421	0.321428571	0.438356164	0.64556962	0.3875	0.316831683	0.691358025
0.328125	0.529411765	0.434210526	0.553846154	0.455696203	0.52173913	0.424657534	0.424657534	0.333333333	0.608695652	0.576271186	0.35483871	0.471264368	0.243243243	0.373493976	0.666666667	0.514705882	0.421686747	0.363636364	0.172413793	0.086419753	0.360655738	0.017857143	0.316455696	0.426229508	0.541666667	0.205128205	0.424657534	0.24137931	0.202702703	0.34939759	0.53968254	0.376811594	0.442857143	0.553846154	0.282051282	0.553846154	0.461538462	0.893617021	0.421052632	0.188405797	0.402597403	0.242424242	0.357142857	0.381578947	0.376623377	0.565217391	0.307692308	0.532258065	0.215189873	0.246753247	0.252631579	0.487179487	0.386363636	0.608695652	0.188405797	0.316455696	0.382716049	0.382716049	0.409090909	0.38961039	0.2625	0.382716049	0.234375	0.216216216	0.449275362	0.293333333	0.383333333	0.552238806	0.25	0.40625	0.29787234	0.285714286	0.4	0.461538462	0.238095238	0.4	0.309859155	0.273809524	0.292307692	0.125	0.449275362	0.283783784	0.415584416	1	0.358208955	0.333333333	0.34375	0.520547945	0.243243243	0.280898876	0.475
0.28358209	0.544117647	0.447368421	0.416666667	0.487179487	0.314814815	0.544117647	0.544117647	0.5	0.339285714	0.446153846	0.287878788	0.465909091	0.430769231	0.597222222	0.333333333	0.552238806	0.506329114	0.378787879	0.232142857	0.328358209	0.272727273	0.054545455	0.418918919	0.275362319	0.271186441	0.376811594	0.544117647	0.282352941	0.363636364	0.486842105	0.441176471	0.297297297	0.342105263	0.416666667	0.485294118	0.416666667	0.391304348	0.363636364	0.472972973	0.431034483	0.535211268	0.383333333	0.28	0.432432432	0.486111111	0.351851852	0.514705882	0.454545455	0.405797101	0.447761194	0.395348837	0.581081081	0.397727273	0.339285714	0.338709677	0.544117647	0.527027027	0.527027027	0.46875	0.44	0.569230769	0.527027027	0.379310345	0.467741935	0.364864865	0.420289855	0.272727273	0.458333333	0.452054795	0.31884058	0.148148148	0.453333333	0.492957746	0.493506494	0.436363636	0.492957746	0.402985075	0.479452055	0.25	0.122807018	0.364864865	0.523809524	0.447368421	0.358208955	1	0.524590164	0.673076923	0.513513514	0.430769231	0.419753086	0.565789474
0.191780822	0.514285714	0.405063291	0.337662338	0.539473684	0.263157895	0.452054795	0.452054795	0.740740741	0.288135593	0.439393939	0.211267606	0.368421053	0.362318841	0.546666667	0.327586207	0.52173913	0.445783133	0.277777778	0.129032258	0.2	0.197183099	0.092592593	0.492957746	0.202702703	0.245901639	0.28	0.452054795	0.428571429	0.467741935	0.5	0.356164384	0.227848101	0.2875	0.337662338	0.619047619	0.337662338	0.405797101	0.338235294	0.30952381	0.37704918	0.506849315	0.473684211	0.243589744	0.486111111	0.521126761	0.298245614	0.529411765	0.347222222	0.306666667	0.507692308	0.390804598	0.493670886	0.409090909	0.288135593	0.235294118	0.413333333	0.425	0.425	0.25	0.535211268	0.514705882	0.540540541	0.157142857	0.393939394	0.307692308	0.337837838	0.231884058	0.341772152	0.573529412	0.194805195	0.211538462	0.428571429	0.320987654	0.487179487	0.333333333	0.320987654	0.532258065	0.493150685	0.246376812	0.160714286	0.307692308	0.644067797	0.321428571	0.333333333	0.524590164	1	0.543859649	0.506666667	0.46875	0.397590361	0.481481481
0.246153846	0.5625	0.438356164	0.347222222	0.5	0.346938776	0.449275362	0.449275362	0.491525424	0.346153846	0.508474576	0.25	0.409090909	0.396825397	0.571428571	0.339622642	0.546875	0.425	0.365079365	0.230769231	0.3125	0.253968254	0.081632653	0.449275362	0.23880597	0.25	0.363636364	0.449275362	0.316455696	0.349206349	0.479452055	0.347826087	0.263888889	0.328767123	0.347222222	0.432835821	0.347222222	0.378787879	0.349206349	0.444444444	0.5	0.464788732	0.444444444	0.246575342	0.442857143	0.436619718	0.36	0.606557377	0.358208955	0.373134328	0.533333333	0.419753086	0.534246575	0.388235294	0.346153846	0.368421053	0.492537313	0.479452055	0.479452055	0.412698413	0.471428571	0.590163934	0.542857143	0.293103448	0.535714286	0.352112676	0.476190476	0.274193548	0.388888889	0.507462687	0.28358209	0.14	0.529411765	0.463768116	0.447368421	0.510204082	0.463768116	0.390625	0.537313433	0.290322581	0.156862745	0.352112676	0.516666667	0.438356164	0.34375	0.673076923	0.543859649	1	0.507042254	0.491525424	0.41025641	0.540540541
0.394736842	0.893939394	0.56626506	0.584415584	0.658536585	0.338235294	0.5625	0.5625	0.527027027	0.376811594	0.583333333	0.4	0.619565217	0.467532468	0.626506024	0.411764706	0.878787879	0.579545455	0.48	0.202702703	0.26744186	0.386666667	0.04	0.404494382	0.44	0.397058824	0.385542169	0.5625	0.316326531	0.375	0.511363636	0.573333333	0.432098765	0.50617284	0.584415584	0.44047619	0.584415584	0.526315789	0.549295775	0.653846154	0.410958904	0.554216867	0.355263158	0.397590361	0.518072289	0.548780488	0.367647059	0.464285714	0.546666667	0.392857143	0.4625	0.458333333	0.779220779	0.489583333	0.376811594	0.320512821	0.5625	0.62195122	0.62195122	0.5	0.641025641	0.487804878	0.602409639	0.298701299	0.405063291	0.53164557	0.43902439	0.350649351	0.602564103	0.482352941	0.441558442	0.242424242	0.482758621	0.636363636	0.607142857	0.356164384	0.636363636	0.425	0.542168675	0.4	0.183098592	0.53164557	0.46835443	0.64556962	0.520547945	0.513513514	0.506666667	0.507042254	1	0.430379747	0.40625	0.759493671
0.279411765	0.432432432	0.37037037	0.373333333	0.426829268	0.180327869	0.413333333	0.413333333	0.402985075	0.1875	0.319444444	0.303030303	0.494252874	0.424242424	0.506493506	0.184615385	0.418918919	0.428571429	0.373134328	0.186440678	0.304347826	0.268656716	0.072727273	0.432432432	0.236111111	0.117647059	0.352112676	0.413333333	0.294117647	0.421875	0.480519481	0.356164384	0.293333333	0.337662338	0.373333333	0.342105263	0.373333333	0.366197183	0.263888889	0.392405063	0.37704918	0.447368421	0.3125	0.276315789	0.3375	0.384615385	0.174603175	0.485714286	0.366197183	0.342465753	0.484848485	0.375	0.456790123	0.409090909	0.1875	0.333333333	0.536231884	0.407407407	0.407407407	0.376811594	0.3625	0.373333333	0.480519481	0.306451613	0.352941176	0.36	0.546875	0.268656716	0.394736842	0.507042254	0.314285714	0.086206897	0.527777778	0.38961039	0.397590361	0.538461538	0.38961039	0.319444444	0.535211268	0.211267606	0.25	0.36	0.426470588	0.3875	0.243243243	0.430769231	0.46875	0.491525424	0.430379747	1	0.414634146	0.481481481
0.238636364	0.406593407	0.385416667	0.344086022	0.494623656	0.205128205	0.391304348	0.391304348	0.364705882	0.225	0.344827586	0.24137931	0.447619048	0.414634146	0.483870968	0.2375	0.395604396	0.479166667	0.280898876	0.164556962	0.317647059	0.215909091	0.109589041	0.471264368	0.206521739	0.209876543	0.421686747	0.391304348	0.62962963	0.345238095	0.494505495	0.32967033	0.307692308	0.288659794	0.344086022	0.425287356	0.344086022	0.416666667	0.269662921	0.333333333	0.325	0.450549451	0.341772152	0.451219512	0.465909091	0.460674157	0.230769231	0.4	0.337078652	0.428571429	0.395348837	0.537634409	0.428571429	0.697674419	0.225	0.292682927	0.454545455	0.36	0.36	0.344827586	0.43956044	0.453488372	0.431578947	0.240963855	0.310344828	0.278350515	0.423529412	0.215909091	0.376344086	0.5	0.266666667	0.103896104	0.466666667	0.34375	0.452631579	0.397260274	0.34375	0.444444444	0.43956044	0.213483146	0.12987013	0.278350515	0.4	0.316831683	0.280898876	0.419753086	0.397590361	0.41025641	0.40625	0.414634146	1	0.448979592
0.430379747	0.714285714	0.670731707	0.6125	0.662790698	0.306666667	0.552941176	0.552941176	0.5	0.342105263	0.571428571	0.435897436	0.659574468	0.411764706	0.710843373	0.391891892	0.701298701	0.659090909	0.552631579	0.230769231	0.303370787	0.441558442	0.049382716	0.534883721	0.455696203	0.397260274	0.402298851	0.552941176	0.32038835	0.344827586	0.573033708	0.623376623	0.464285714	0.535714286	0.6125	0.438202247	0.6125	0.556962025	0.519480519	0.7	0.466666667	0.528089888	0.325301205	0.430232558	0.602409639	0.522727273	0.333333333	0.56626506	0.597402597	0.425287356	0.530864198	0.515463918	0.8	0.5625	0.342105263	0.41025641	0.571428571	0.627906977	0.627906977	0.551282051	0.626506024	0.535714286	0.686746988	0.3375	0.43902439	0.542168675	0.524390244	0.3875	0.670886076	0.528735632	0.475	0.202702703	0.581395349	0.705128205	0.670588235	0.413333333	0.705128205	0.423529412	0.626506024	0.435897436	0.213333333	0.542168675	0.447058824	0.691358025	0.475	0.565789474	0.481481481	0.540540541	0.759493671	0.481481481	0.448979592	1
