1.000000 0.408475 0.308437 0.392490 0.278708 0.430480 0.296513 0.321458 0.307546 0.437688 0.334714 0.343738 0.269928 0.335234 0.343429 0.449982 0.388549 0.352759 0.344234 0.349131 0.254385 0.413392 0.320865 0.307076 0.407952 0.449496 0.383160 0.268373 0.264677 0.314750 0.317169 0.364931 0.510693 0.345954 0.448321 0.408786 0.346949 0.315051 0.341053 0.390476 0.319311 0.275776 0.307551 0.404712 0.305057 0.376261 0.366746 0.246535 0.354465 0.268851 0.277412 0.254148 0.335296 0.280892 0.418403 0.262890 0.466822 0.262723 0.259486 0.373322 0.286353 0.321985 0.359433 0.393123 0.396265 0.318050 0.224296 0.380675 0.338945 0.254028 0.515743 0.335975 0.273822 0.371556 0.317348 0.311893 0.401139 0.364233 0.293825 0.420453 0.290756 0.369957 0.332122 0.417482 0.281620 0.408199 0.243293 0.321576 0.374277 0.272610 0.258266 0.349903
0.408475 1.000000 0.345696 0.462201 0.323880 0.440988 0.480327 0.498836 0.312573 0.405348 0.323621 0.419753 0.356221 0.339243 0.466909 0.400524 0.754683 0.483013 0.356487 0.473737 0.448970 0.519234 0.506265 0.394063 0.494074 0.445323 0.504019 0.474318 0.317744 0.457998 0.351355 0.444705 0.380617 0.477430 0.499180 0.354953 0.427901 0.298309 0.572315 0.392149 0.313959 0.354216 0.392770 0.284641 0.304183 0.469840 0.367231 0.362362 0.429357 0.373571 0.369566 0.350615 0.598482 0.352423 0.368727 0.412308 0.478761 0.452958 0.498602 0.527265 0.330779 0.379325 0.350881 0.379062 0.376169 0.498227 0.473734 0.503495 0.429250 0.431789 0.414822 0.352215 0.434391 0.402163 0.336862 0.399992 0.413413 0.297426 0.325930 0.408023 0.456960 0.525067 0.517632 0.469429 0.574485 0.436258 0.322878 0.465940 0.679340 0.307293 0.308127 0.449750
0.308437 0.345696 1.000000 0.495710 0.517262 0.443711 0.456375 0.486403 0.679622 0.299658 0.467887 0.393853 0.303208 0.432879 0.399087 0.247486 0.372509 0.383355 0.167728 0.318374 0.348491 0.313972 0.304932 0.511648 0.419941 0.325484 0.385076 0.483926 0.471617 0.520377 0.513953 0.430366 0.251000 0.415781 0.404154 0.516687 0.334569 0.487007 0.423526 0.567109 0.304041 0.477526 0.408348 0.273869 0.406378 0.486232 0.301692 0.512568 0.441513 0.311461 0.544406 0.548118 0.388628 0.475818 0.284408 0.303542 0.395758 0.419992 0.418345 0.442086 0.460883 0.411675 0.533623 0.290499 0.434304 0.380159 0.382660 0.402514 0.407667 0.491664 0.258623 0.313481 0.339254 0.613847 0.450219 0.460540 0.622754 0.461146 0.446002 0.362675 0.444540 0.413731 0.474289 0.578060 0.380896 0.451304 0.432521 0.506159 0.381133 0.358189 0.467518 0.341558
0.392490 0.462201 0.495710 1.000000 0.456028 0.440792 0.621731 0.649209 0.349806 0.402724 0.472863 0.502547 0.594528 0.430522 0.446376 0.331896 0.571166 0.455638 0.265676 0.600746 0.555368 0.357221 0.619193 0.379509 0.537278 0.414079 0.544520 0.627928 0.475394 0.652039 0.467657 0.799980 0.542710 0.570513 0.851930 0.412074 0.730905 0.378745 0.605974 0.435668 0.356305 0.615402 0.475238 0.350729 0.389029 0.636542 0.346737 0.457917 0.786101 0.536590 0.486017 0.503395 0.521504 0.365469 0.309144 0.557079 0.579910 0.681482 0.631633 0.653138 0.425621 0.397462 0.371787 0.547008 0.501621 0.526649 0.376968 0.466099 0.726255 0.409116 0.485768 0.351608 0.379861 0.541628 0.437683 0.504194 0.501451 0.413473 0.374705 0.464580 0.512220 0.509636 0.513062 0.487113 0.459338 0.477257 0.365078 0.424996 0.517486 0.385401 0.413123 0.521409
0.278708 0.323880 0.517262 0.456028 1.000000 0.627934 0.407360 0.482881 0.462560 0.407389 0.535892 0.479856 0.353614 0.426534 0.307442 0.375762 0.443469 0.475715 0.230261 0.482061 0.302498 0.334767 0.414568 0.651585 0.515334 0.399728 0.319277 0.450286 0.687901 0.449153 0.758620 0.440694 0.274967 0.453207 0.362414 0.447410 0.404760 0.794710 0.437281 0.512613 0.395295 0.502133 0.410219 0.377376 0.813767 0.537420 0.544291 0.679718 0.461535 0.412213 0.786288 0.730798 0.459862 0.758384 0.415789 0.363423 0.478669 0.387395 0.325743 0.339112 0.768085 0.449155 0.698456 0.375588 0.402009 0.418488 0.423044 0.416140 0.430940 0.726896 0.274218 0.363864 0.381769 0.494654 0.710428 0.404335 0.487458 0.672842 0.677673 0.449369 0.453330 0.402804 0.394950 0.519406 0.325933 0.401535 0.630435 0.685650 0.428304 0.365585 0.662672 0.410050
0.430480 0.440988 0.443711 0.440792 0.627934 1.000000 0.394731 0.428245 0.444640 0.519814 0.572790 0.515293 0.357499 0.310571 0.430029 0.520842 0.488190 0.405547 0.369439 0.454688 0.335191 0.396498 0.443059 0.440417 0.537397 0.598633 0.425754 0.394237 0.463066 0.382932 0.499846 0.431809 0.433887 0.404118 0.395769 0.491000 0.452617 0.537129 0.450229 0.416697 0.390611 0.412471 0.367677 0.365910 0.616404 0.487678 0.622003 0.458155 0.429742 0.413080 0.580182 0.536650 0.441322 0.566123 0.552804 0.423464 0.462821 0.447793 0.394488 0.391712 0.499868 0.424014 0.486742 0.366189 0.408444 0.468103 0.448382 0.535784 0.456415 0.552056 0.505557 0.439770 0.396789 0.490266 0.499133 0.392976 0.482303 0.510939 0.476434 0.460216 0.435938 0.422198 0.347598 0.448239 0.420003 0.359865 0.461138 0.504395 0.420233 0.401839 0.481061 0.403935
0.296513 0.480327 0.456375 0.621731 0.407360 0.394731 1.000000 0.908760 0.334620 0.363005 0.433709 0.431238 0.379284 0.346028 0.472967 0.361543 0.609704 0.529711 0.275824 0.574620 0.630651 0.399478 0.526214 0.429317 0.582265 0.434425 0.520324 0.905952 0.393635 0.624229 0.452089 0.620568 0.331403 0.439928 0.586326 0.394034 0.537606 0.361259 0.454598 0.306874 0.231139 0.626512 0.488816 0.297449 0.317572 0.633935 0.313834 0.444374 0.661506 0.414212 0.441149 0.425532 0.495212 0.363642 0.286579 0.438800 0.403689 0.522699 0.539339 0.437757 0.403337 0.465230 0.339163 0.417113 0.379428 0.468623 0.323446 0.425285 0.649050 0.388014 0.310645 0.241276 0.342014 0.429414 0.487281 0.360790 0.409288 0.363497 0.314604 0.343037 0.464913 0.461648 0.410068 0.404666 0.330647 0.452785 0.455036 0.419381 0.446825 0.482645 0.399233 0.498083
0.321458 0.498836 0.486403 0.649209 0.482881 0.428245 0.908760 1.000000 0.381926 0.400728 0.528419 0.498364 0.455380 0.420510 0.498710 0.383703 0.647332 0.562825 0.318185 0.631529 0.645219 0.470216 0.597641 0.487302 0.629714 0.471425 0.562504 0.959700 0.463980 0.676732 0.538493 0.667443 0.363498 0.526484 0.629449 0.415664 0.578432 0.452623 0.502084 0.393770 0.283690 0.717272 0.501077 0.314159 0.407516 0.711768 0.384375 0.532481 0.678817 0.468118 0.528772 0.506797 0.545548 0.452226 0.348613 0.494992 0.487480 0.566662 0.545255 0.462678 0.508003 0.512475 0.427421 0.486015 0.430378 0.545024 0.416411 0.492777 0.683668 0.485098 0.360391 0.321597 0.397224 0.500850 0.552179 0.422709 0.493870 0.436035 0.420756 0.375968 0.563015 0.544521 0.484915 0.498477 0.385723 0.553283 0.504705 0.514437 0.505271 0.523446 0.439999 0.557798
0.307546 0.312573 0.679622 0.349806 0.462560 0.444640 0.334620 0.381926 1.000000 0.434109 0.565855 0.500970 0.387614 0.577057 0.434093 0.355425 0.356310 0.355254 0.176316 0.308666 0.283508 0.352971 0.249612 0.461623 0.442689 0.352072 0.321457 0.369164 0.465046 0.425247 0.472372 0.308480 0.237250 0.383172 0.328720 0.439360 0.392296 0.497814 0.441012 0.563123 0.232917 0.371724 0.334751 0.321275 0.476427 0.466064 0.355138 0.524851 0.342686 0.326037 0.530467 0.536706 0.402117 0.501003 0.263452 0.249025 0.308918 0.351024 0.367437 0.361155 0.434490 0.363360 0.524937 0.211666 0.359723 0.383333 0.403599 0.429308 0.401412 0.480768 0.269109 0.293430 0.294648 0.572222 0.420498 0.443620 0.569503 0.469866 0.407729 0.431957 0.418933 0.397956 0.452234 0.556053 0.445813 0.469184 0.446239 0.449123 0.402704 0.405808 0.517407 0.333927
0.437688 0.405348 0.299658 0.402724 0.407389 0.519814 0.363005 0.400728 0.434109 1.000000 0.546881 0.529274 0.461511 0.392042 0.429050 0.564768 0.439737 0.298247 0.349377 0.420712 0.299740 0.434192 0.327533 0.440844 0.535288 0.529792 0.304828 0.369594 0.362349 0.321215 0.445176 0.432107 0.343673 0.429790 0.435088 0.331431 0.379590 0.384268 0.330423 0.328673 0.255374 0.334095 0.191353 0.223954 0.405969 0.404943 0.477842 0.391188 0.417880 0.265558 0.396491 0.374768 0.343152 0.406406 0.564027 0.303640 0.328191 0.337603 0.329048 0.384617 0.373898 0.317439 0.295130 0.399229 0.445896 0.421141 0.448970 0.509856 0.385416 0.419549 0.286819 0.300514 0.342785 0.349281 0.396786 0.274167 0.349461 0.332886 0.314420 0.405102 0.409546 0.441862 0.299018 0.327839 0.293328 0.391667 0.308228 0.389074 0.372416 0.294020 0.319784 0.350429
0.334714 0.323621 0.467887 0.472863 0.535892 0.572790 0.433709 0.528419 0.565855 0.546881 1.000000 0.607998 0.464408 0.506840 0.330538 0.411172 0.427400 0.331350 0.300412 0.401733 0.441120 0.427110 0.307431 0.411865 0.575548 0.508989 0.347834 0.493161 0.470612 0.433877 0.496588 0.468999 0.346908 0.329953 0.413826 0.399489 0.469467 0.544274 0.362606 0.455397 0.361248 0.461239 0.296080 0.302981 0.531511 0.523672 0.553625 0.542712 0.462409 0.328504 0.545109 0.552561 0.363400 0.485462 0.420470 0.397039 0.435625 0.447183 0.415414 0.381693 0.558928 0.403613 0.501633 0.250062 0.497277 0.383071 0.452961 0.481519 0.515184 0.510758 0.392204 0.414917 0.375804 0.509293 0.471270 0.460239 0.477311 0.478315 0.428003 0.384757 0.429857 0.388908 0.382879 0.452070 0.330631 0.459548 0.485688 0.479378 0.379134 0.409874 0.478587 0.416288
0.343738 0.419753 0.393853 0.502547 0.479856 0.515293 0.431238 0.498364 0.500970 0.529274 0.607998 1.000000 0.516092 0.519902 0.404487 0.372847 0.531275 0.403108 0.398964 0.517454 0.425974 0.441483 0.440035 0.382002 0.680057 0.539479 0.427422 0.468306 0.397837 0.493028 0.450034 0.459745 0.315214 0.482889 0.457823 0.382599 0.505107 0.470509 0.429035 0.432319 0.322239 0.435786 0.324147 0.282267 0.448944 0.502037 0.359084 0.541524 0.495208 0.373137 0.489578 0.505682 0.446710 0.502718 0.462890 0.447969 0.484005 0.496986 0.473182 0.415913 0.431445 0.409527 0.445529 0.378880 0.435644 0.525798 0.472226 0.535434 0.510471 0.483628 0.375553 0.452794 0.337675 0.483590 0.451701 0.432294 0.466574 0.416173 0.464493 0.300835 0.512114 0.495467 0.473804 0.467975 0.411954 0.511537 0.428826 0.442527 0.445606 0.379335 0.425318 0.397265
0.269928 0.356221 0.303208 0.594528 0.353614 0.357499 0.379284 0.455380 0.387614 0.461511 0.464408 0.516092 1.000000 0.499542 0.425987 0.294963 0.427956 0.454075 0.225571 0.567442 0.496187 0.277213 0.572032 0.330743 0.499264 0.393136 0.483523 0.436185 0.402321 0.545679 0.372637 0.570878 0.357209 0.438690 0.587954 0.249259 0.546113 0.340014 0.407583 0.376020 0.322880 0.468618 0.429610 0.195496 0.372194 0.561399 0.365882 0.402243 0.469291 0.439343 0.412290 0.411374 0.332030 0.330539 0.388576 0.598961 0.458628 0.717343 0.658456 0.473093 0.353919 0.370896 0.278182 0.501042 0.437143 0.416758 0.325217 0.427602 0.476237 0.383138 0.352122 0.402171 0.230580 0.408201 0.308002 0.356242 0.352409 0.318449 0.293465 0.303645 0.405534 0.391086 0.492726 0.306456 0.319344 0.414003 0.277916 0.336020 0.368480 0.385869 0.368916 0.396790
0.335234 0.339243 0.432879 0.430522 0.426534 0.310571 0.346028 0.420510 0.577057 0.392042 0.506840 0.519902 0.499542 1.000000 0.366357 0.252862 0.401615 0.347115 0.169125 0.414771 0.332601 0.432532 0.363177 0.438935 0.485317 0.393136 0.406398 0.407023 0.476331 0.466013 0.494259 0.428463 0.304535 0.419555 0.484914 0.376365 0.450939 0.450635 0.436199 0.501034 0.264736 0.403959 0.280300 0.313906 0.424017 0.424661 0.322767 0.585170 0.416416 0.333042 0.563608 0.581849 0.408900 0.428193 0.288315 0.401789 0.468036 0.420729 0.424658 0.448346 0.455094 0.491466 0.459047 0.365475 0.462931 0.395683 0.476006 0.458402 0.486402 0.515871 0.391837 0.403213 0.381479 0.506778 0.431652 0.445203 0.519974 0.498818 0.446622 0.359702 0.396679 0.405927 0.502450 0.531990 0.385817 0.556973 0.456687 0.475916 0.416987 0.519050 0.523674 0.409656
0.343429 0.466909 0.399087 0.446376 0.307442 0.430029 0.472967 0.498710 0.434093 0.429050 0.330538 0.404487 0.425987 0.366357 1.000000 0.390239 0.459359 0.442177 0.196486 0.514162 0.470469 0.443993 0.532556 0.431188 0.532437 0.443494 0.402929 0.467678 0.335538 0.482611 0.298113 0.499851 0.324629 0.437622 0.497772 0.363600 0.486684 0.257541 0.396883 0.353711 0.272079 0.396021 0.408224 0.236060 0.316019 0.464722 0.278450 0.331828 0.432246 0.365975 0.318633 0.303329 0.427975 0.299197 0.416372 0.391137 0.377204 0.440031 0.435741 0.493087 0.376825 0.369875 0.292296 0.461160 0.488949 0.492381 0.362577 0.496179 0.469074 0.354923 0.317616 0.344441 0.386178 0.348881 0.343215 0.395827 0.369277 0.307496 0.324799 0.348863 0.464320 0.470263 0.418716 0.351633 0.366880 0.445530 0.374234 0.409888 0.404215 0.350315 0.392911 0.395165
0.449982 0.400524 0.247486 0.331896 0.375762 0.520842 0.361543 0.383703 0.355425 0.564768 0.411172 0.372847 0.294963 0.252862 0.390239 1.000000 0.420644 0.306641 0.336063 0.406904 0.356848 0.555181 0.348384 0.435170 0.484224 0.478202 0.373151 0.356134 0.257269 0.295532 0.376273 0.308791 0.373065 0.371265 0.314064 0.385987 0.336249 0.389333 0.332155 0.388986 0.301573 0.257854 0.230822 0.433414 0.358798 0.351931 0.558410 0.296934 0.322395 0.352501 0.328302 0.341964 0.303239 0.375603 0.449576 0.251308 0.239582 0.294154 0.328847 0.261307 0.367089 0.256334 0.387510 0.338238 0.401350 0.372154 0.333031 0.510904 0.331987 0.322434 0.353181 0.289416 0.347611 0.405333 0.433480 0.316193 0.436153 0.369282 0.342521 0.505459 0.400948 0.387414 0.269440 0.418094 0.293732 0.359612 0.295597 0.324540 0.272799 0.218302 0.289798 0.409606
0.388549 0.754683 0.372509 0.571166 0.443469 0.488190 0.609704 0.647332 0.356310 0.439737 0.427400 0.531275 0.427956 0.401615 0.459359 0.420644 1.000000 0.545658 0.387480 0.620364 0.575553 0.502064 0.610972 0.470563 0.595846 0.481991 0.538217 0.635257 0.397615 0.530345 0.451933 0.576335 0.388076 0.545060 0.577335 0.385989 0.512586 0.417745 0.618548 0.419331 0.324591 0.500706 0.402109 0.307575 0.427387 0.586129 0.428662 0.457835 0.540161 0.411477 0.461791 0.460893 0.713880 0.435059 0.401171 0.519300 0.516135 0.543818 0.551598 0.573576 0.444723 0.403307 0.439774 0.452337 0.394405 0.594602 0.455624 0.555063 0.547847 0.500286 0.386090 0.327215 0.367813 0.442570 0.452217 0.446285 0.445772 0.361309 0.415826 0.420666 0.599369 0.609970 0.562455 0.501865 0.516982 0.534412 0.439432 0.548181 0.787731 0.375834 0.370604 0.556339
0.352759 0.483013 0.383355 0.455638 0.475715 0.405547 0.529711 0.562825 0.355254 0.298247 0.331350 0.403108 0.454075 0.347115 0.442177 0.306641 0.545658 1.000000 0.399333 0.518544 0.489120 0.399874 0.484334 0.344786 0.512001 0.466816 0.522166 0.541522 0.508256 0.587240 0.403264 0.517642 0.309861 0.504973 0.490880 0.343154 0.506682 0.379421 0.422434 0.406699 0.413220 0.568965 0.746041 0.428857 0.475643 0.699859 0.354792 0.368137 0.471541 0.465401 0.402093 0.392610 0.461825 0.404067 0.348855 0.446749 0.530050 0.514949 0.519036 0.373314 0.381539 0.376368 0.354854 0.442745 0.282965 0.471403 0.250807 0.359867 0.504662 0.371052 0.356636 0.364760 0.289851 0.418437 0.413742 0.357936 0.381684 0.439039 0.429563 0.406558 0.472677 0.456149 0.501186 0.416577 0.319632 0.390977 0.455021 0.439259 0.496741 0.362637 0.493706 0.391541
0.344234 0.356487 0.167728 0.265676 0.230261 0.369439 0.275824 0.318185 0.176316 0.349377 0.300412 0.398964 0.225571 0.169125 0.196486 0.336063 0.387480 0.399333 1.000000 0.355645 0.319674 0.381303 0.313856 0.234669 0.403819 0.441668 0.307702 0.279742 0.222743 0.289142 0.235872 0.273203 0.318169 0.290868 0.259523 0.229190 0.239136 0.220337 0.231286 0.191720 0.404206 0.192443 0.204675 0.264287 0.199696 0.316174 0.226219 0.182139 0.281370 0.272260 0.203764 0.197991 0.278347 0.279745 0.225262 0.217506 0.258579 0.269634 0.269253 0.212462 0.233200 0.219182 0.192866 0.329351 0.316367 0.376367 0.201964 0.350767 0.317954 0.196471 0.310896 0.381446 0.238589 0.269597 0.327498 0.200290 0.239309 0.239709 0.241429 0.273850 0.320136 0.319827 0.262558 0.266823 0.284409 0.306619 0.164388 0.273302 0.316905 0.277847 0.261320 0.367055
0.349131 0.473737 0.318374 0.600746 0.482061 0.454688 0.574620 0.631529 0.308666 0.420712 0.401733 0.517454 0.567442 0.414771 0.514162 0.406904 0.620364 0.518544 0.355645 1.000000 0.616856 0.424209 0.855777 0.462089 0.545352 0.479605 0.585412 0.594623 0.397128 0.608051 0.453022 0.591275 0.324026 0.586728 0.593929 0.349710 0.583557 0.409992 0.513785 0.354553 0.286865 0.507986 0.355912 0.272232 0.453256 0.663799 0.349741 0.424447 0.554105 0.476324 0.487283 0.460810 0.539530 0.477336 0.410211 0.516085 0.447442 0.595590 0.541122 0.424006 0.488842 0.496599 0.358505 0.762531 0.395673 0.617163 0.444900 0.504054 0.597937 0.506113 0.363056 0.460173 0.357121 0.388784 0.440388 0.421526 0.407378 0.378152 0.407493 0.344738 0.569550 0.550664 0.500289 0.392255 0.365519 0.435762 0.373503 0.495783 0.488634 0.496830 0.383233 0.525663
0.254385 0.448970 0.348491 0.555368 0.302498 0.335191 0.630651 0.645219 0.283508 0.299740 0.441120 0.425974 0.496187 0.332601 0.470469 0.356848 0.575553 0.489120 0.319674 0.616856 1.000000 0.456757 0.585891 0.354097 0.517560 0.444841 0.528094 0.617327 0.303109 0.665010 0.335819 0.552337 0.319268 0.379733 0.509852 0.336218 0.451557 0.269286 0.410907 0.317120 0.209810 0.493005 0.412296 0.307402 0.279663 0.595956 0.386864 0.334842 0.517243 0.515803 0.317937 0.352990 0.443752 0.247373 0.330820 0.485951 0.395196 0.669342 0.698655 0.442233 0.362170 0.345819 0.342440 0.433595 0.379107 0.403978 0.322718 0.415667 0.489456 0.293859 0.310788 0.262703 0.430355 0.373462 0.340088 0.418979 0.366347 0.250147 0.314004 0.317415 0.458794 0.402594 0.539576 0.358092 0.297887 0.404566 0.372610 0.383148 0.430482 0.383238 0.317804 0.499265
0.413392 0.519234 0.313972 0.357221 0.334767 0.396498 0.399478 0.470216 0.352971 0.434192 0.427110 0.441483 0.277213 0.432532 0.443993 0.555181 0.502064 0.399874 0.381303 0.424209 0.456757 1.000000 0.394701 0.428432 0.532501 0.502542 0.362213 0.456151 0.322740 0.355893 0.400126 0.317026 0.374106 0.420900 0.365229 0.399126 0.320049 0.368591 0.394388 0.444071 0.273284 0.332484 0.233767 0.409573 0.348296 0.450262 0.466175 0.363446 0.353008 0.292701 0.388509 0.411868 0.416166 0.402694 0.403522 0.292923 0.348197 0.289747 0.357232 0.356720 0.408334 0.366800 0.391276 0.343383 0.390989 0.440279 0.430166 0.565634 0.355638 0.352778 0.414464 0.300347 0.465911 0.454517 0.426698 0.340717 0.499783 0.383751 0.375275 0.367879 0.425487 0.469834 0.357532 0.541714 0.394770 0.450289 0.390907 0.404424 0.442560 0.319842 0.302991 0.437251
0.320865 0.506265 0.304932 0.619193 0.414568 0.443059 0.526214 0.597641 0.249612 0.327533 0.307431 0.440035 0.572032 0.363177 0.532556 0.348384 0.610972 0.484334 0.313856 0.855777 0.585891 0.394701 1.000000 0.452660 0.504993 0.439007 0.605436 0.558849 0.370071 0.601258 0.442663 0.600070 0.377910 0.586687 0.604338 0.327308 0.581667 0.327038 0.512484 0.309589 0.280312 0.499215 0.396455 0.252325 0.377538 0.623077 0.324363 0.396411 0.532163 0.501095 0.469755 0.445391 0.549018 0.411539 0.351889 0.580321 0.460109 0.626295 0.562445 0.446500 0.430259 0.425090 0.300578 0.711267 0.400741 0.631725 0.432824 0.494756 0.577701 0.463415 0.420107 0.403231 0.405097 0.338898 0.390270 0.432142 0.369933 0.321342 0.376273 0.312794 0.549273 0.541114 0.529217 0.381054 0.382895 0.447496 0.302060 0.460277 0.526658 0.428124 0.305347 0.541770
0.307076 0.394063 0.511648 0.379509 0.651585 0.440417 0.429317 0.487302 0.461623 0.440844 0.411865 0.382002 0.330743 0.438935 0.431188 0.435170 0.470563 0.344786 0.234669 0.462089 0.354097 0.428432 0.452660 1.000000 0.539708 0.408629 0.314454 0.482624 0.549198 0.462516 0.697246 0.414863 0.224261 0.446963 0.352407 0.395819 0.316107 0.651280 0.327454 0.436646 0.219268 0.414173 0.246780 0.188546 0.630561 0.471727 0.428778 0.691947 0.417906 0.253118 0.706003 0.643622 0.512411 0.624335 0.426866 0.299652 0.327245 0.356938 0.381921 0.435692 0.649832 0.465966 0.613202 0.405855 0.494741 0.433201 0.456480 0.449635 0.428912 0.687328 0.231727 0.233416 0.403029 0.417656 0.630563 0.289622 0.465409 0.531660 0.625655 0.298499 0.461604 0.447614 0.442764 0.477817 0.284102 0.468618 0.484698 0.689491 0.404840 0.349298 0.527732 0.530954
0.407952 0.494074 0.419941 0.537278 0.515334 0.537397 0.582265 0.629714 0.442689 0.535288 0.575548 0.680057 0.499264 0.485317 0.532437 0.484224 0.595846 0.512001 0.403819 0.545352 0.517560 0.532501 0.504993 0.539708 1.000000 0.689922 0.450124 0.617642 0.472167 0.590050 0.552256 0.566739 0.410626 0.492056 0.530489 0.366441 0.529793 0.451695 0.408774 0.423168 0.341978 0.508622 0.438369 0.366117 0.489477 0.613603 0.447740 0.578349 0.586980 0.360157 0.537684 0.511584 0.464271 0.454770 0.483694 0.401737 0.435888 0.501770 0.540717 0.470447 0.478942 0.399142 0.467938 0.353032 0.467157 0.543497 0.482205 0.563345 0.596636 0.528535 0.435655 0.339147 0.460873 0.478173 0.603348 0.376787 0.477879 0.492515 0.536990 0.320418 0.531331 0.514733 0.384434 0.454586 0.353096 0.456489 0.451751 0.503377 0.457414 0.392783 0.478562 0.531783
0.449496 0.445323 0.325484 0.414079 0.399728 0.598633 0.434425 0.471425 0.352072 0.529792 0.508989 0.539479 0.393136 0.393136 0.443494 0.478202 0.481991 0.466816 0.441668 0.479605 0.444841 0.502542 0.439007 0.408629 0.689922 1.000000 0.428445 0.426640 0.341305 0.388398 0.400827 0.470602 0.427564 0.402528 0.435730 0.338964 0.440944 0.399034 0.330444 0.427352 0.334276 0.376426 0.392634 0.360013 0.404707 0.472029 0.425504 0.429582 0.465478 0.354938 0.448485 0.420356 0.441770 0.395374 0.486747 0.417619 0.452074 0.445396 0.473855 0.394812 0.412234 0.385392 0.404242 0.417897 0.424517 0.422227 0.366486 0.511051 0.482860 0.419565 0.476778 0.419989 0.356751 0.461997 0.435938 0.351100 0.481964 0.400594 0.446316 0.324731 0.419058 0.406601 0.382861 0.454554 0.288125 0.445295 0.361923 0.434694 0.419396 0.366332 0.413759 0.418810
0.383160 0.504019 0.385076 0.544520 0.319277 0.425754 0.520324 0.562504 0.321457 0.304828 0.347834 0.427422 0.483523 0.406398 0.402929 0.373151 0.538217 0.522166 0.307702 0.585412 0.528094 0.362213 0.605436 0.314454 0.450124 0.428445 1.000000 0.551977 0.366526 0.600519 0.306701 0.453123 0.446910 0.421740 0.480790 0.424199 0.470964 0.230512 0.491762 0.417089 0.377888 0.576854 0.470991 0.279076 0.275589 0.581197 0.280258 0.300709 0.439290 0.615885 0.379899 0.394973 0.405858 0.298206 0.299005 0.603205 0.527684 0.550970 0.530000 0.438931 0.288026 0.452789 0.241770 0.496878 0.370368 0.489017 0.381574 0.529018 0.486418 0.322261 0.534658 0.430506 0.305202 0.482890 0.324672 0.355565 0.464276 0.335445 0.243613 0.367525 0.450915 0.439491 0.521174 0.452779 0.373858 0.490467 0.341423 0.312309 0.435027 0.449642 0.323793 0.384036
0.268373 0.474318 0.483926 0.627928 0.450286 0.394237 0.905952 0.959700 0.369164 0.369594 0.493161 0.468306 0.436185 0.407023 0.467677 0.356134 0.635257 0.541522 0.279742 0.594623 0.617327 0.456151 0.558849 0.482624 0.617642 0.426640 0.551977 1.000000 0.452832 0.686976 0.532278 0.637945 0.338041 0.522583 0.600589 0.385583 0.551340 0.417047 0.472562 0.353501 0.260099 0.719103 0.496990 0.293098 0.382621 0.705497 0.363412 0.524060 0.656133 0.408103 0.528369 0.514491 0.511418 0.439537 0.318913 0.474607 0.454165 0.552806 0.540790 0.480569 0.481292 0.483846 0.393499 0.424523 0.419814 0.537905 0.413500 0.482550 0.673504 0.477744 0.340339 0.250830 0.383564 0.485725 0.532140 0.388909 0.470707 0.403826 0.398559 0.365842 0.569225 0.540843 0.456377 0.483344 0.391886 0.506496 0.513899 0.521642 0.493814 0.522178 0.412493 0.558042
0.264677 0.317744 0.471617 0.475394 0.687901 0.463066 0.393635 0.463980 0.465046 0.362349 0.470612 0.397837 0.402321 0.476331 0.335538 0.257269 0.397615 0.508256 0.222743 0.397128 0.303109 0.322740 0.370071 0.549198 0.472167 0.341305 0.366526 0.452832 1.000000 0.507012 0.689959 0.491392 0.387877 0.455321 0.427485 0.383938 0.403848 0.586534 0.386880 0.452438 0.399733 0.607444 0.428691 0.444451 0.656928 0.593147 0.423468 0.623548 0.457894 0.400232 0.643552 0.619830 0.377239 0.589030 0.309036 0.424961 0.423673 0.361430 0.308240 0.380626 0.589230 0.466064 0.479077 0.288804 0.314212 0.391687 0.442285 0.398362 0.449344 0.593868 0.350902 0.361567 0.308949 0.473277 0.602678 0.403987 0.423822 0.666527 0.559792 0.413885 0.409216 0.362884 0.366619 0.435832 0.308539 0.432344 0.577220 0.534749 0.400980 0.454534 0.775693 0.414180
0.314750 0.457998 0.520377 0.652039 0.449153 0.382932 0.624229 0.676732 0.425247 0.321215 0.433877 0.493028 0.545679 0.466013 0.482611 0.295532 0.530345 0.587240 0.289142 0.608051 0.665010 0.355893 0.601258 0.462516 0.590050 0.388398 0.600519 0.686976 0.507012 1.000000 0.505244 0.605667 0.396720 0.539436 0.601731 0.360805 0.527363 0.355667 0.457533 0.364224 0.275606 0.611499 0.466648 0.257204 0.400612 0.695866 0.284975 0.445585 0.622448 0.512303 0.511394 0.548980 0.455317 0.389115 0.288543 0.528972 0.523895 0.631663 0.632922 0.508262 0.410529 0.417576 0.382616 0.457951 0.447579 0.493909 0.428141 0.436242 0.593422 0.422657 0.369671 0.330190 0.420417 0.469996 0.446330 0.477460 0.446911 0.379659 0.374261 0.349773 0.503875 0.471118 0.652350 0.472881 0.370544 0.490040 0.429601 0.489513 0.415531 0.432751 0.406103 0.480601
0.317169 0.351355 0.513953 0.467657 0.758620 0.499846 0.452089 0.538493 0.472372 0.445176 0.496588 0.450034 0.372637 0.494259 0.298113 0.376273 0.451933 0.403264 0.235872 0.453022 0.335819 0.400126 0.442663 0.697246 0.552256 0.400827 0.306701 0.532278 0.689959 0.505244 1.000000 0.510209 0.372327 0.508419 0.424893 0.385552 0.362365 0.682598 0.420732 0.436050 0.272683 0.548277 0.359092 0.314276 0.693761 0.567360 0.507010 0.704119 0.490934 0.308692 0.807004 0.768020 0.465484 0.739137 0.379631 0.344880 0.373151 0.371504 0.320260 0.374698 0.706295 0.495334 0.636771 0.333959 0.374885 0.439891 0.535572 0.450142 0.472909 0.772896 0.323267 0.250641 0.504261 0.488284 0.803574 0.467803 0.529874 0.697603 0.782005 0.357049 0.478398 0.427962 0.378202 0.541099 0.355195 0.434577 0.545330 0.691223 0.447301 0.407134 0.601030 0.489494
0.364931 0.444705 0.430366 0.799980 0.440694 0.431809 0.620568 0.667443 0.308480 0.432107 0.468999 0.459745 0.570878 0.428463 0.499851 0.308791 0.576335 0.517642 0.273203 0.591275 0.552337 0.317026 0.600070 0.414863 0.566739 0.470602 0.453123 0.637945 0.491392 0.605667 0.510209 1.000000 0.446209 0.563325 0.884917 0.352547 0.743288 0.393663 0.559585 0.385193 0.350430 0.616350 0.496609 0.309419 0.416161 0.629534 0.350483 0.478722 0.831758 0.496593 0.450600 0.434965 0.594321 0.396734 0.367297 0.536126 0.482734 0.618220 0.552374 0.628213 0.495022 0.450402 0.388125 0.554233 0.464430 0.526483 0.437922 0.439016 0.799306 0.486363 0.421144 0.342875 0.404839 0.463260 0.467577 0.445396 0.424864 0.464343 0.458112 0.389220 0.546852 0.503285 0.474728 0.397059 0.396050 0.472283 0.405287 0.465133 0.541689 0.406361 0.459820 0.505547
0.510693 0.380617 0.251000 0.542710 0.274967 0.433887 0.331403 0.363498 0.237250 0.343673 0.346908 0.315214 0.357209 0.304535 0.324629 0.373065 0.388076 0.309861 0.318169 0.324026 0.319268 0.374106 0.377910 0.224261 0.410626 0.427564 0.446910 0.338041 0.387877 0.396720 0.372327 0.446209 1.000000 0.422243 0.483580 0.459989 0.357496 0.228901 0.435099 0.321549 0.497724 0.444725 0.349160 0.379914 0.351866 0.446743 0.428392 0.246363 0.376262 0.409716 0.333747 0.349699 0.304114 0.245393 0.282135 0.435697 0.553894 0.377964 0.336616 0.441714 0.246773 0.226888 0.279077 0.284732 0.390829 0.371142 0.292062 0.419979 0.349309 0.211766 0.816270 0.395130 0.321630 0.434759 0.331532 0.377435 0.402342 0.363179 0.253964 0.483057 0.355409 0.376877 0.351444 0.385310 0.354737 0.468224 0.237459 0.222580 0.368895 0.184342 0.275178 0.383545
0.345954 0.477430 0.415781 0.570513 0.453207 0.404118 0.439928 0.526484 0.383172 0.429790 0.329953 0.482889 0.438690 0.419555 0.437622 0.371265 0.545060 0.504973 0.290868 0.586728 0.379733 0.420900 0.586687 0.446963 0.492056 0.402528 0.421740 0.522583 0.455321 0.539436 0.508419 0.563325 0.422243 1.000000 0.621279 0.389138 0.535207 0.445707 0.586335 0.403092 0.255471 0.477028 0.393702 0.294692 0.452783 0.610107 0.325597 0.411210 0.507109 0.352759 0.461214 0.449102 0.511752 0.472385 0.356352 0.432357 0.497388 0.493084 0.430179 0.544385 0.430793 0.391410 0.437848 0.558620 0.428913 0.847571 0.408057 0.487571 0.517643 0.492865 0.378849 0.355720 0.334818 0.403977 0.422404 0.509354 0.421908 0.400145 0.430584 0.523901 0.825435 0.819244 0.571840 0.500107 0.519294 0.446600 0.311760 0.511830 0.553553 0.372457 0.424630 0.566984
0.448321 0.499180 0.404154 0.851930 0.362414 0.395769 0.586326 0.629449 0.328720 0.435088 0.413826 0.457823 0.587954 0.484914 0.497772 0.314064 0.577335 0.490880 0.259523 0.593929 0.509852 0.365229 0.604338 0.352407 0.530489 0.435730 0.480790 0.600589 0.427485 0.601731 0.424893 0.884917 0.483580 0.621279 1.000000 0.376323 0.813156 0.351090 0.647591 0.394969 0.296352 0.561585 0.457541 0.355684 0.345398 0.608340 0.314672 0.410719 0.827970 0.512062 0.391821 0.398346 0.575066 0.331755 0.349640 0.518974 0.518935 0.632785 0.578424 0.705093 0.383880 0.464347 0.360975 0.625910 0.502560 0.563249 0.390854 0.455129 0.793701 0.396695 0.457884 0.351903 0.405572 0.458588 0.404092 0.455801 0.440193 0.416935 0.356486 0.483879 0.539750 0.564019 0.507511 0.418289 0.483012 0.456006 0.317819 0.395922 0.577905 0.416666 0.383910 0.465451
0.408786 0.354953 0.516687 0.412074 0.447410 0.491000 0.394034 0.415664 0.439360 0.331431 0.399489 0.382599 0.249259 0.376365 0.363600 0.385987 0.385989 0.343154 0.229190 0.349710 0.336218 0.399126 0.327308 0.395819 0.366441 0.338964 0.424199 0.385583 0.383938 0.360805 0.385552 0.352547 0.459989 0.389138 0.376323 1.000000 0.368431 0.487532 0.475459 0.441968 0.396158 0.408896 0.299177 0.459759 0.416643 0.388358 0.423110 0.333030 0.361172 0.350456 0.377084 0.400591 0.344102 0.433275 0.407576 0.368677 0.403067 0.297601 0.291017 0.414622 0.417121 0.422466 0.474064 0.357343 0.403952 0.392488 0.333068 0.448367 0.390228 0.379295 0.482168 0.315165 0.362513 0.390374 0.386392 0.408859 0.413456 0.376504 0.353257 0.584693 0.412769 0.406546 0.464064 0.433458 0.365450 0.439650 0.343366 0.374470 0.425321 0.362486 0.412384 0.313296
0.346949 0.427901 0.334569 0.730905 0.404760 0.452617 0.537606 0.578432 0.392296 0.379590 0.469467 0.505107 0.546113 0.450939 0.486684 0.336249 0.512586 0.506682 0.239136 0.583557 0.451556 0.320049 0.581667 0.316107 0.529793 0.440944 0.470964 0.551340 0.403848 0.527363 0.362365 0.743288 0.357496 0.535207 0.813156 0.368431 1.000000 0.463182 0.639411 0.435172 0.289367 0.503371 0.445502 0.373712 0.413743 0.574960 0.338368 0.446219 0.767741 0.473726 0.411823 0.425007 0.554768 0.392770 0.297685 0.501805 0.454655 0.586471 0.520946 0.563055 0.438565 0.426844 0.405634 0.570086 0.476470 0.542314 0.388150 0.460141 0.838360 0.391288 0.392060 0.344252 0.385725 0.428259 0.374406 0.491665 0.393280 0.382554 0.369572 0.476171 0.508064 0.515430 0.450045 0.393394 0.444196 0.377188 0.326698 0.386566 0.497990 0.456930 0.426690 0.444750
0.315051 0.298309 0.487007 0.378745 0.794710 0.537129 0.361259 0.452623 0.497814 0.384268 0.544274 0.470509 0.340014 0.450635 0.257541 0.389333 0.417745 0.379421 0.220337 0.409992 0.269286 0.368591 0.327038 0.651280 0.451695 0.399034 0.230512 0.417047 0.586534 0.355667 0.682598 0.393663 0.228901 0.445707 0.351090 0.487532 0.463182 1.000000 0.455850 0.569689 0.342656 0.399446 0.325982 0.379274 0.801698 0.482612 0.559182 0.692659 0.418097 0.273624 0.732966 0.704688 0.498092 0.784806 0.440299 0.324199 0.424630 0.356602 0.300477 0.358361 0.769846 0.492166 0.800971 0.399922 0.426471 0.398351 0.346607 0.395765 0.448175 0.683239 0.254076 0.343045 0.312639 0.477450 0.612290 0.400485 0.495368 0.606985 0.678856 0.474767 0.467989 0.457713 0.449095 0.541765 0.323327 0.405843 0.520791 0.659388 0.439142 0.420200 0.630234 0.392445
0.341053 0.572315 0.423526 0.605974 0.437281 0.450229 0.454598 0.502084 0.441012 0.330423 0.362606 0.429035 0.407583 0.436199 0.396883 0.332155 0.618548 0.422434 0.231286 0.513785 0.410907 0.394388 0.512484 0.327454 0.408774 0.330444 0.491762 0.472562 0.386880 0.457533 0.420732 0.559585 0.435099 0.586335 0.647591 0.475459 0.639411 0.455850 1.000000 0.488525 0.312680 0.468757 0.406459 0.344429 0.432707 0.498089 0.377904 0.383053 0.554463 0.572350 0.416308 0.436129 0.598368 0.430093 0.295954 0.394407 0.465807 0.497083 0.435482 0.586402 0.393512 0.471702 0.508011 0.472061 0.429506 0.530431 0.437778 0.560941 0.528196 0.477150 0.475478 0.390573 0.398171 0.438766 0.376504 0.536779 0.468006 0.412965 0.365191 0.526914 0.551758 0.610464 0.612057 0.525272 0.774997 0.475749 0.414223 0.453801 0.710420 0.466006 0.412742 0.411415
0.390476 0.392149 0.567109 0.435668 0.512613 0.416697 0.306874 0.393770 0.563123 0.328673 0.455397 0.432319 0.376020 0.501035 0.353711 0.388986 0.419331 0.406699 0.191720 0.354553 0.317120 0.444071 0.309589 0.436646 0.423168 0.427352 0.417089 0.353501 0.452438 0.364224 0.436050 0.385193 0.321549 0.403092 0.394969 0.441968 0.435172 0.569689 0.488525 1.000000 0.418343 0.426555 0.403346 0.409426 0.466374 0.464509 0.382810 0.519631 0.391824 0.404976 0.532437 0.551342 0.424949 0.516907 0.436049 0.414456 0.484835 0.415704 0.429810 0.462815 0.478543 0.521429 0.544745 0.390719 0.439626 0.374489 0.340771 0.462269 0.376369 0.492824 0.398027 0.432744 0.311962 0.769948 0.448422 0.434092 0.798528 0.474056 0.471436 0.453569 0.414538 0.491835 0.521359 0.783024 0.384901 0.473434 0.435425 0.490817 0.427597 0.377760 0.518089 0.412008
0.319311 0.313959 0.304041 0.356305 0.395295 0.390611 0.231139 0.283690 0.232917 0.255374 0.361248 0.322239 0.322880 0.264736 0.272079 0.301573 0.324590 0.413219 0.404206 0.286865 0.209810 0.273284 0.280312 0.219268 0.341978 0.334276 0.377888 0.260099 0.399733 0.275606 0.272683 0.350430 0.497724 0.255471 0.296352 0.396158 0.289367 0.342656 0.312680 0.418343 1.000000 0.370929 0.437353 0.373893 0.391645 0.368013 0.311531 0.285969 0.267823 0.398008 0.317559 0.309801 0.284577 0.303814 0.315804 0.418843 0.434419 0.297762 0.259429 0.340965 0.348790 0.267137 0.288994 0.310426 0.435175 0.271661 0.259281 0.413058 0.337906 0.298173 0.481662 0.616390 0.227414 0.438356 0.329094 0.261894 0.376907 0.351582 0.270088 0.401911 0.284341 0.292039 0.306134 0.364758 0.280632 0.376612 0.366267 0.317551 0.374873 0.191140 0.337164 0.300745
0.275776 0.354216 0.477526 0.615402 0.502133 0.412471 0.626512 0.717272 0.371724 0.334095 0.461239 0.435786 0.468618 0.403959 0.396021 0.257854 0.500706 0.568965 0.192443 0.507986 0.493005 0.332484 0.499215 0.414173 0.508622 0.376426 0.576854 0.719103 0.607444 0.611499 0.548277 0.616350 0.444725 0.477027 0.561585 0.408896 0.503371 0.399446 0.468757 0.426555 0.370929 1.000000 0.640967 0.406880 0.458763 0.661441 0.364010 0.502556 0.604422 0.550114 0.551223 0.531842 0.430439 0.461986 0.378931 0.587916 0.526893 0.488180 0.411655 0.408864 0.437386 0.531657 0.326020 0.414046 0.337480 0.459509 0.455643 0.475678 0.609767 0.488261 0.453436 0.389468 0.340577 0.519755 0.511917 0.382027 0.498779 0.488577 0.466782 0.342434 0.479186 0.455785 0.450313 0.483104 0.374707 0.495123 0.526520 0.423764 0.418637 0.541609 0.524896 0.488945
0.307551 0.392770 0.408348 0.475238 0.410219 0.367677 0.488816 0.501077 0.334751 0.191353 0.296080 0.324147 0.429610 0.280300 0.408224 0.230822 0.402109 0.746041 0.204675 0.355912 0.412296 0.233767 0.396455 0.246780 0.438369 0.392634 0.470991 0.496990 0.428691 0.466648 0.359092 0.496609 0.349160 0.393702 0.457541 0.299177 0.445502 0.325982 0.406459 0.403346 0.437353 0.640967 1.000000 0.440185 0.394951 0.571991 0.326737 0.356364 0.442703 0.517099 0.380527 0.362864 0.338433 0.319191 0.324507 0.478774 0.573536 0.522330 0.462779 0.391546 0.276721 0.321164 0.322514 0.337143 0.342825 0.349525 0.182511 0.330723 0.478632 0.333783 0.355319 0.360672 0.264421 0.492455 0.386431 0.315020 0.445083 0.403926 0.415163 0.378476 0.387557 0.374722 0.449484 0.461991 0.343707 0.336551 0.463043 0.361825 0.391127 0.340878 0.465141 0.368721
0.404712 0.284641 0.273869 0.350729 0.377376 0.365910 0.297449 0.314159 0.321275 0.223954 0.302981 0.282267 0.195496 0.313906 0.236060 0.433414 0.307575 0.428857 0.264287 0.272232 0.307402 0.409573 0.252325 0.188546 0.366117 0.360013 0.279076 0.293098 0.444451 0.257204 0.314276 0.309419 0.379914 0.294692 0.355684 0.459759 0.373712 0.379274 0.344429 0.409426 0.373893 0.406880 0.440185 1.000000 0.379270 0.391470 0.472820 0.326816 0.339767 0.327906 0.278981 0.300811 0.278157 0.308365 0.312446 0.209573 0.378545 0.267004 0.277312 0.298345 0.327820 0.222597 0.327987 0.257091 0.247579 0.255247 0.187892 0.363776 0.355799 0.273343 0.375555 0.251753 0.299678 0.382640 0.350375 0.418315 0.390658 0.410696 0.395545 0.592251 0.265537 0.248340 0.230369 0.408405 0.298298 0.314112 0.387495 0.316495 0.334632 0.389741 0.496726 0.397133
0.305057 0.304183 0.406378 0.389029 0.813767 0.616404 0.317572 0.407516 0.476427 0.405969 0.531511 0.448943 0.372194 0.424017 0.316019 0.358798 0.427387 0.475643 0.199696 0.453256 0.279663 0.348296 0.377538 0.630561 0.489477 0.404707 0.275589 0.382621 0.656928 0.400612 0.693761 0.416161 0.351866 0.452783 0.345398 0.416643 0.413743 0.801698 0.432707 0.466374 0.391645 0.458763 0.394951 0.379270 1.000000 0.621321 0.658905 0.648103 0.398192 0.374922 0.726447 0.683508 0.471831 0.709492 0.417209 0.356714 0.457301 0.409986 0.346960 0.356607 0.690549 0.416246 0.712233 0.351245 0.365210 0.409768 0.371288 0.386365 0.423660 0.683924 0.369505 0.360239 0.323868 0.437367 0.628593 0.355946 0.440192 0.658682 0.698812 0.415347 0.447207 0.428728 0.430982 0.462154 0.345608 0.352144 0.583089 0.667785 0.451887 0.386108 0.652028 0.397173
0.376261 0.469840 0.486232 0.636542 0.537420 0.487678 0.633935 0.711768 0.466064 0.404943 0.523672 0.502037 0.561399 0.424661 0.464722 0.351931 0.586129 0.699859 0.316174 0.663799 0.595956 0.450262 0.623077 0.471727 0.613603 0.472029 0.581197 0.705497 0.593147 0.695866 0.567360 0.629534 0.446743 0.610107 0.608340 0.388358 0.574960 0.482612 0.498089 0.464509 0.368013 0.661441 0.571991 0.391470 0.621321 1.000000 0.466423 0.497108 0.584378 0.508444 0.563898 0.558427 0.495562 0.499154 0.345357 0.502855 0.536940 0.654867 0.616648 0.491958 0.495021 0.466316 0.474654 0.532411 0.394448 0.568011 0.411492 0.452786 0.593529 0.515375 0.417470 0.401552 0.352563 0.518986 0.506725 0.426137 0.501216 0.520438 0.487475 0.427145 0.574884 0.556865 0.560420 0.504224 0.387598 0.448162 0.472155 0.535846 0.515354 0.447321 0.523451 0.486084
0.366746 0.367231 0.301692 0.346737 0.544291 0.622003 0.313834 0.384375 0.355138 0.477842 0.553625 0.359084 0.365882 0.322767 0.278450 0.558410 0.428662 0.354792 0.226219 0.349741 0.386864 0.466175 0.324363 0.428778 0.447740 0.425504 0.280258 0.363412 0.423468 0.284975 0.507010 0.350483 0.428392 0.325597 0.314672 0.423110 0.338368 0.559182 0.377904 0.382810 0.311531 0.364010 0.326737 0.472820 0.658905 0.466423 1.000000 0.486608 0.344111 0.345055 0.512952 0.486926 0.392698 0.504083 0.514061 0.304729 0.401301 0.399585 0.349496 0.346062 0.532935 0.274550 0.492663 0.283396 0.368326 0.310227 0.343093 0.465286 0.315701 0.484167 0.413592 0.307452 0.387066 0.415086 0.460631 0.337781 0.401652 0.442817 0.475916 0.498177 0.371290 0.352230 0.339682 0.382476 0.372068 0.328955 0.469211 0.490208 0.414770 0.285102 0.420413 0.443430
0.246535 0.362362 0.512568 0.457917 0.679718 0.458155 0.444374 0.532481 0.524851 0.391187 0.542712 0.541524 0.402243 0.585170 0.331828 0.296934 0.457835 0.368137 0.182139 0.424447 0.334842 0.363446 0.396411 0.691947 0.578349 0.429582 0.300709 0.524060 0.623548 0.445585 0.704119 0.478722 0.246363 0.411210 0.410719 0.333030 0.446219 0.692659 0.383053 0.519631 0.285969 0.502556 0.356364 0.326816 0.648103 0.497108 0.486608 1.000000 0.548165 0.309227 0.833591 0.759400 0.572640 0.659449 0.378606 0.320420 0.414370 0.383055 0.371060 0.380125 0.657726 0.494733 0.614356 0.334754 0.438462 0.392595 0.478765 0.437500 0.525688 0.731729 0.286324 0.304011 0.406184 0.518590 0.617881 0.319677 0.524757 0.563094 0.700675 0.335647 0.426679 0.411258 0.379204 0.526778 0.340197 0.499541 0.575085 0.690826 0.447236 0.434801 0.616919 0.508694
0.354465 0.429357 0.441513 0.786101 0.461535 0.429742 0.661506 0.678817 0.342686 0.417880 0.462409 0.495209 0.469291 0.416416 0.432247 0.322395 0.540161 0.471541 0.281370 0.554105 0.517243 0.353008 0.532163 0.417906 0.586980 0.465478 0.439290 0.656133 0.457894 0.622448 0.490934 0.831758 0.376262 0.507109 0.827970 0.361172 0.767741 0.418097 0.554463 0.391824 0.267823 0.604422 0.442703 0.339767 0.398192 0.584378 0.344111 0.548165 1.000000 0.515350 0.517181 0.512582 0.625706 0.404738 0.320496 0.439936 0.407981 0.555960 0.511087 0.573534 0.420375 0.480123 0.388406 0.530616 0.444948 0.498543 0.388724 0.434514 0.841770 0.428275 0.363894 0.269658 0.450969 0.454877 0.483350 0.399146 0.436311 0.412621 0.429434 0.414592 0.469777 0.469020 0.460913 0.440535 0.424084 0.434433 0.395759 0.459759 0.516967 0.429465 0.419549 0.448543
0.268851 0.373571 0.311461 0.536590 0.412213 0.413080 0.414212 0.468118 0.326037 0.265558 0.328504 0.373137 0.439343 0.333042 0.365975 0.352501 0.411477 0.465401 0.272260 0.476324 0.515803 0.292701 0.501095 0.253118 0.360157 0.354938 0.615885 0.408103 0.400232 0.512303 0.308691 0.496593 0.409716 0.352759 0.512062 0.350456 0.473726 0.273624 0.572350 0.404976 0.398008 0.550114 0.517099 0.327906 0.374922 0.508444 0.345056 0.309227 0.515350 1.000000 0.379978 0.400030 0.448991 0.245673 0.225992 0.500271 0.465460 0.537946 0.497415 0.419592 0.260880 0.389031 0.347966 0.478713 0.369786 0.377236 0.343689 0.454920 0.447758 0.273650 0.413043 0.485205 0.369544 0.454774 0.375332 0.369097 0.461349 0.387448 0.280905 0.415763 0.390141 0.416040 0.556944 0.459251 0.465402 0.461203 0.454478 0.296105 0.390453 0.340727 0.367867 0.318656
0.277412 0.369566 0.544406 0.486017 0.786288 0.580182 0.441149 0.528772 0.530467 0.396491 0.545109 0.489578 0.412290 0.563608 0.318633 0.328302 0.461791 0.402093 0.203764 0.487283 0.317937 0.388509 0.469755 0.706003 0.537684 0.448485 0.379899 0.528369 0.643552 0.511394 0.807004 0.450600 0.333747 0.461214 0.391821 0.377084 0.411823 0.732966 0.416308 0.532437 0.317559 0.551223 0.380527 0.278981 0.726447 0.563898 0.512952 0.833591 0.517181 0.379978 1.000000 0.937319 0.553160 0.740526 0.367200 0.432675 0.480666 0.445502 0.416887 0.427761 0.702955 0.527768 0.660610 0.375664 0.448104 0.449342 0.512057 0.455943 0.500979 0.794500 0.375335 0.358349 0.437085 0.561257 0.671535 0.383242 0.590235 0.632651 0.731760 0.355554 0.464334 0.432017 0.444118 0.607681 0.391313 0.497410 0.583100 0.745837 0.443503 0.460367 0.621034 0.501745
0.254148 0.350615 0.548118 0.503395 0.730798 0.536650 0.425532 0.506797 0.536706 0.374768 0.552561 0.505682 0.411374 0.581849 0.303329 0.341964 0.460893 0.392610 0.197991 0.460810 0.352990 0.411868 0.445391 0.643622 0.511584 0.420356 0.394973 0.514491 0.619830 0.548980 0.768020 0.434965 0.349699 0.449102 0.398346 0.400591 0.425007 0.704688 0.436129 0.551342 0.309801 0.531842 0.362864 0.300811 0.683508 0.558427 0.486926 0.759400 0.512582 0.400030 0.937319 1.000000 0.508372 0.711599 0.324279 0.481090 0.505104 0.489433 0.470194 0.454990 0.660770 0.481884 0.660982 0.339203 0.459361 0.436161 0.485193 0.443594 0.491603 0.732163 0.382292 0.333520 0.427054 0.575706 0.631561 0.462812 0.606579 0.618933 0.691728 0.383825 0.463607 0.428920 0.505538 0.638393 0.394779 0.504930 0.549748 0.715292 0.431621 0.447455 0.614257 0.461443
0.335296 0.598482 0.388628 0.521504 0.459862 0.441322 0.495212 0.545548 0.402117 0.343152 0.363400 0.446710 0.332030 0.408900 0.427975 0.303239 0.713880 0.461825 0.278347 0.539530 0.443752 0.416166 0.549018 0.512411 0.464271 0.441770 0.405858 0.511418 0.377239 0.455317 0.465484 0.594321 0.304114 0.511752 0.575066 0.344102 0.554768 0.498092 0.598368 0.424949 0.284577 0.430439 0.338433 0.278157 0.471831 0.495562 0.392698 0.572640 0.625706 0.448991 0.553160 0.508372 1.000000 0.438224 0.338281 0.404617 0.409459 0.464727 0.440601 0.564926 0.556933 0.436257 0.502370 0.480576 0.390859 0.513113 0.435000 0.521250 0.600965 0.520395 0.349820 0.314548 0.363840 0.428725 0.423950 0.437879 0.462866 0.438201 0.511849 0.403489 0.557121 0.545013 0.541620 0.516542 0.553001 0.487813 0.464728 0.588937 0.763072 0.385280 0.392109 0.512534
0.280892 0.352423 0.475818 0.365469 0.758384 0.566123 0.363642 0.452226 0.501003 0.406406 0.485462 0.502718 0.330539 0.428193 0.299197 0.375603 0.435059 0.404067 0.279745 0.477336 0.247373 0.402694 0.411539 0.624335 0.454770 0.395374 0.298206 0.439537 0.589030 0.389115 0.739137 0.396734 0.245393 0.472385 0.331755 0.433275 0.392770 0.784806 0.430093 0.516907 0.303814 0.461986 0.319191 0.308365 0.709492 0.499154 0.504083 0.659449 0.404738 0.245673 0.740526 0.711599 0.438224 1.000000 0.494456 0.369452 0.381254 0.338759 0.266419 0.315592 0.747276 0.592216 0.638578 0.412629 0.384477 0.476394 0.501607 0.477123 0.485290 0.766942 0.298096 0.359083 0.391774 0.537057 0.664320 0.379528 0.526177 0.609737 0.660782 0.425431 0.471901 0.450850 0.376053 0.540475 0.370694 0.426867 0.549467 0.681372 0.435799 0.483549 0.588606 0.380234
0.418403 0.368727 0.284408 0.309144 0.415789 0.552804 0.286579 0.348613 0.263452 0.564027 0.420470 0.462890 0.388576 0.288315 0.416372 0.449576 0.401171 0.348855 0.225262 0.410211 0.330820 0.403522 0.351889 0.426866 0.483694 0.486747 0.299005 0.318913 0.309036 0.288543 0.379631 0.367297 0.282135 0.356352 0.349640 0.407576 0.297685 0.440299 0.295954 0.436049 0.315804 0.378931 0.324507 0.312446 0.417209 0.345357 0.514061 0.378606 0.320496 0.225992 0.367200 0.324279 0.338281 0.494456 1.000000 0.355464 0.363185 0.330869 0.291396 0.370557 0.391227 0.480505 0.326041 0.462674 0.442744 0.380781 0.390340 0.516254 0.335459 0.451965 0.349999 0.384884 0.386263 0.387564 0.387142 0.226376 0.403096 0.345420 0.421524 0.353357 0.394071 0.427446 0.309048 0.381172 0.273939 0.312706 0.363363 0.431164 0.363102 0.369063 0.311464 0.352138
0.262890 0.412308 0.303542 0.557079 0.363423 0.423464 0.438800 0.494992 0.249025 0.303640 0.397039 0.447969 0.598961 0.401789 0.391137 0.251308 0.519300 0.446749 0.217506 0.516085 0.485951 0.292923 0.580321 0.299652 0.401737 0.417619 0.603205 0.474607 0.424961 0.528972 0.344880 0.536126 0.435697 0.432357 0.518974 0.368677 0.501805 0.324199 0.394407 0.414456 0.418843 0.587916 0.478774 0.209573 0.356714 0.502855 0.304729 0.320420 0.439936 0.500271 0.432675 0.481090 0.404617 0.369452 0.355464 1.000000 0.612287 0.638088 0.553517 0.517102 0.365892 0.414616 0.271926 0.484087 0.415546 0.451573 0.340437 0.464371 0.511344 0.361505 0.456192 0.435135 0.266474 0.442802 0.329916 0.453109 0.417264 0.332751 0.304305 0.297603 0.411799 0.402383 0.513015 0.408691 0.290621 0.485983 0.304592 0.360572 0.408756 0.390641 0.393818 0.407976
0.466822 0.478761 0.395758 0.579910 0.478669 0.462821 0.403689 0.487480 0.308918 0.328191 0.435625 0.484005 0.458628 0.468036 0.377204 0.239582 0.516135 0.530050 0.258579 0.447442 0.395196 0.348197 0.460109 0.327245 0.435888 0.452074 0.527684 0.454165 0.423673 0.523895 0.373151 0.482734 0.553894 0.497388 0.518935 0.403067 0.454655 0.424630 0.465807 0.484835 0.434419 0.526893 0.573536 0.378545 0.457301 0.536940 0.401301 0.414370 0.407981 0.465460 0.480666 0.505104 0.409459 0.381254 0.363185 0.612287 1.000000 0.566579 0.521109 0.533187 0.391123 0.338919 0.423877 0.412207 0.471356 0.440988 0.250615 0.442355 0.425227 0.359547 0.507163 0.474671 0.269928 0.509672 0.339136 0.463269 0.516234 0.401740 0.369376 0.468804 0.421030 0.484095 0.574839 0.523141 0.349249 0.520719 0.433581 0.473444 0.442440 0.299137 0.424895 0.419944
0.262723 0.452958 0.419992 0.681482 0.387395 0.447793 0.522699 0.566662 0.351024 0.337603 0.447183 0.496986 0.717343 0.420729 0.440031 0.294154 0.543818 0.514949 0.269634 0.595590 0.669342 0.289747 0.626295 0.356938 0.501770 0.445396 0.550970 0.552806 0.361430 0.631663 0.371504 0.618220 0.377964 0.493084 0.632785 0.297601 0.586471 0.356602 0.497083 0.415704 0.297762 0.488180 0.522330 0.267004 0.409986 0.654867 0.399585 0.383055 0.555960 0.537946 0.445502 0.489433 0.464727 0.338759 0.330869 0.638088 0.566579 1.000000 0.918830 0.647057 0.392271 0.345340 0.362081 0.514262 0.508795 0.494588 0.313518 0.428886 0.544630 0.371334 0.365831 0.352569 0.364230 0.483544 0.341342 0.477044 0.442463 0.291482 0.321098 0.377536 0.524586 0.505351 0.649522 0.425684 0.408892 0.411136 0.324492 0.445698 0.470563 0.393617 0.393104 0.506397
0.259486 0.498602 0.418345 0.631633 0.325743 0.394488 0.539339 0.545255 0.367437 0.329048 0.415414 0.473182 0.658456 0.424658 0.435741 0.328847 0.551598 0.519036 0.269253 0.541122 0.698655 0.357232 0.562445 0.381921 0.540717 0.473855 0.530000 0.540790 0.308240 0.632922 0.320260 0.552374 0.336616 0.430179 0.578424 0.291017 0.520946 0.300477 0.435482 0.429810 0.259429 0.411656 0.462779 0.277312 0.346960 0.616648 0.349496 0.371060 0.511087 0.497415 0.416887 0.470194 0.440601 0.266419 0.291396 0.553517 0.521109 0.918830 1.000000 0.617647 0.330092 0.302169 0.356390 0.413385 0.465727 0.438021 0.306535 0.400343 0.489574 0.334305 0.340412 0.304050 0.364316 0.493025 0.307311 0.431032 0.465638 0.261122 0.291453 0.350865 0.452735 0.461666 0.609931 0.430773 0.365635 0.400266 0.311595 0.430570 0.435282 0.333130 0.363139 0.516105
0.373322 0.527265 0.442086 0.653138 0.339112 0.391712 0.437757 0.462678 0.361155 0.384617 0.381693 0.415913 0.473093 0.448346 0.493087 0.261307 0.573576 0.373314 0.212462 0.424006 0.442233 0.356720 0.446500 0.435692 0.470447 0.394812 0.438931 0.480569 0.380626 0.508262 0.374698 0.628213 0.441714 0.544385 0.705093 0.414622 0.563055 0.358361 0.586402 0.462815 0.340965 0.408864 0.391546 0.298345 0.356607 0.491958 0.346062 0.380125 0.573534 0.419592 0.427761 0.454990 0.564926 0.315592 0.370557 0.517102 0.533187 0.647057 0.617647 1.000000 0.403460 0.410191 0.416176 0.497444 0.631640 0.532559 0.368949 0.497405 0.551252 0.431037 0.413985 0.338058 0.338482 0.480149 0.343281 0.441281 0.447324 0.355899 0.335267 0.500427 0.548003 0.578991 0.579778 0.455955 0.539773 0.403621 0.369909 0.524127 0.624846 0.344719 0.401162 0.476165
0.286353 0.330779 0.460883 0.425621 0.768085 0.499868 0.403337 0.508003 0.434490 0.373898 0.558928 0.431445 0.353919 0.455094 0.376825 0.367089 0.444723 0.381539 0.233200 0.488842 0.362170 0.408334 0.430259 0.649832 0.478942 0.412234 0.288026 0.481292 0.589230 0.410529 0.706295 0.495022 0.246773 0.430793 0.383880 0.417121 0.438565 0.769846 0.393512 0.478543 0.348790 0.437386 0.276721 0.327820 0.690549 0.495021 0.532935 0.657726 0.420375 0.260880 0.702955 0.660770 0.556933 0.747276 0.391227 0.365892 0.391123 0.392271 0.330092 0.403460 1.000000 0.459626 0.691944 0.375495 0.442567 0.400023 0.463137 0.479706 0.492401 0.721014 0.288561 0.325357 0.380945 0.463327 0.666921 0.462480 0.463707 0.614975 0.667747 0.407441 0.480683 0.393714 0.390724 0.494968 0.313685 0.466820 0.582833 0.690378 0.445708 0.422196 0.624771 0.464024
0.321985 0.379325 0.411675 0.397462 0.449155 0.424014 0.465230 0.512475 0.363360 0.317439 0.403613 0.409527 0.370896 0.491466 0.369875 0.256334 0.403307 0.376368 0.219182 0.496599 0.345819 0.366800 0.425090 0.465966 0.399142 0.385392 0.452789 0.483846 0.466064 0.417576 0.495334 0.450402 0.226888 0.391410 0.464347 0.422466 0.426844 0.492166 0.471702 0.521429 0.267137 0.531657 0.321164 0.222597 0.416246 0.466316 0.274550 0.494733 0.480123 0.389031 0.527768 0.481884 0.436257 0.592216 0.480505 0.414616 0.338919 0.345340 0.302169 0.410191 0.459626 1.000000 0.473236 0.543991 0.397337 0.450675 0.543295 0.490600 0.566785 0.564019 0.347954 0.480254 0.355077 0.474124 0.503619 0.287444 0.503180 0.515766 0.461200 0.325647 0.399671 0.478475 0.448036 0.477411 0.381336 0.354011 0.448774 0.445114 0.429915 0.666598 0.437661 0.312266
0.359433 0.350881 0.533623 0.371787 0.698456 0.486742 0.339163 0.427421 0.524937 0.295130 0.501633 0.445529 0.278182 0.459047 0.292296 0.387510 0.439774 0.354854 0.192866 0.358505 0.342440 0.391276 0.300578 0.613202 0.467938 0.404242 0.241770 0.393499 0.479077 0.382616 0.636771 0.388125 0.279077 0.437848 0.360975 0.474064 0.405634 0.800971 0.508011 0.544745 0.288994 0.326020 0.322514 0.327987 0.712233 0.474654 0.492663 0.614356 0.388406 0.347966 0.660610 0.660982 0.502370 0.638578 0.326041 0.271926 0.423877 0.362081 0.356390 0.416176 0.691944 0.473236 1.000000 0.333825 0.497641 0.380496 0.362498 0.402176 0.415255 0.650925 0.296327 0.287399 0.365583 0.464196 0.592452 0.485077 0.534368 0.648401 0.679317 0.491817 0.456371 0.443062 0.521599 0.595083 0.423328 0.401620 0.517666 0.661274 0.463562 0.324116 0.567576 0.355500
0.393123 0.379062 0.290499 0.547008 0.375588 0.366189 0.417113 0.486015 0.211666 0.399229 0.250062 0.378880 0.501042 0.365475 0.461160 0.338238 0.452337 0.442745 0.329351 0.762531 0.433595 0.343383 0.711267 0.405855 0.353032 0.417897 0.496878 0.424523 0.288804 0.457951 0.333959 0.554233 0.284732 0.558620 0.625910 0.357343 0.570086 0.399922 0.472061 0.390719 0.310426 0.414046 0.337143 0.257091 0.351245 0.532411 0.283396 0.334754 0.530616 0.478713 0.375664 0.339203 0.480576 0.412629 0.462674 0.484087 0.412207 0.514262 0.413385 0.497444 0.375495 0.543991 0.333825 1.000000 0.552563 0.554900 0.366030 0.439703 0.539082 0.391054 0.271045 0.467812 0.346420 0.332110 0.324102 0.323517 0.361217 0.292479 0.324723 0.401480 0.483492 0.532285 0.509655 0.361833 0.335840 0.373904 0.236453 0.384537 0.447652 0.441772 0.282438 0.392651
0.396265 0.376168 0.434304 0.501621 0.402009 0.408444 0.379428 0.430378 0.359723 0.445896 0.497277 0.435644 0.437143 0.462931 0.488949 0.401350 0.394405 0.282965 0.316367 0.395673 0.379107 0.390989 0.400741 0.494741 0.467157 0.424517 0.370368 0.419814 0.314212 0.447579 0.374885 0.464430 0.390829 0.428913 0.502560 0.403952 0.476470 0.426471 0.429506 0.439627 0.435175 0.337480 0.342825 0.247579 0.365210 0.394448 0.368326 0.438462 0.444948 0.369786 0.448104 0.459361 0.390859 0.384477 0.442744 0.415546 0.471356 0.508795 0.465727 0.631640 0.442567 0.397337 0.497641 0.552563 1.000000 0.398997 0.399452 0.545537 0.481269 0.427164 0.336566 0.416713 0.458776 0.429970 0.414196 0.411694 0.418831 0.357838 0.322699 0.476910 0.447588 0.461266 0.519378 0.453558 0.387115 0.480023 0.343503 0.480496 0.401674 0.298541 0.368365 0.429914
0.318050 0.498227 0.380159 0.526649 0.418488 0.468103 0.468623 0.545024 0.383333 0.421141 0.383071 0.525798 0.416758 0.395683 0.492381 0.372154 0.594602 0.471403 0.376367 0.617163 0.403978 0.440279 0.631725 0.433201 0.543497 0.422227 0.489017 0.537905 0.391687 0.493909 0.439891 0.526483 0.371142 0.847571 0.563249 0.392488 0.542314 0.398351 0.530431 0.374489 0.271661 0.459509 0.349525 0.255247 0.409768 0.568011 0.310227 0.392595 0.498543 0.377236 0.449342 0.436161 0.513113 0.476394 0.380781 0.451573 0.440988 0.494588 0.438021 0.532559 0.400023 0.450675 0.380496 0.554900 0.398997 1.000000 0.453684 0.520577 0.585913 0.492423 0.388839 0.392024 0.355778 0.414004 0.447667 0.445603 0.433752 0.390069 0.410689 0.471511 0.835609 0.849383 0.485755 0.473328 0.509069 0.428739 0.336362 0.460027 0.538906 0.447462 0.392487 0.585712
0.224296 0.473734 0.382660 0.376968 0.423044 0.448382 0.323446 0.416411 0.403599 0.448970 0.452961 0.472226 0.325217 0.476006 0.362577 0.333031 0.455624 0.250807 0.201964 0.444900 0.322718 0.430166 0.432824 0.456480 0.482205 0.366486 0.381574 0.413500 0.442285 0.428141 0.535572 0.437922 0.292062 0.408057 0.390854 0.333068 0.388150 0.346607 0.437778 0.340771 0.259281 0.455643 0.182511 0.187892 0.371288 0.411492 0.343093 0.478765 0.388724 0.343689 0.512057 0.485193 0.435000 0.501607 0.390340 0.340437 0.250615 0.313518 0.306535 0.368949 0.463137 0.543295 0.362498 0.366030 0.399452 0.453684 1.000000 0.500857 0.457698 0.611045 0.347610 0.381065 0.659325 0.405756 0.472283 0.371813 0.394242 0.394860 0.431529 0.270624 0.436772 0.434973 0.341243 0.394677 0.427365 0.397543 0.379212 0.450752 0.451732 0.443632 0.328739 0.440598
0.380675 0.503495 0.402514 0.466099 0.416140 0.535784 0.425285 0.492777 0.429308 0.509856 0.481519 0.535434 0.427602 0.458402 0.496179 0.510904 0.555063 0.359867 0.350767 0.504054 0.415667 0.565634 0.494756 0.449635 0.563345 0.511051 0.529018 0.482550 0.398362 0.436242 0.450142 0.439016 0.419979 0.487571 0.455129 0.448367 0.460141 0.395765 0.560941 0.462269 0.413058 0.475678 0.330723 0.363776 0.386365 0.452786 0.465286 0.437500 0.434514 0.454919 0.455943 0.443594 0.521250 0.477123 0.516254 0.464371 0.442355 0.428886 0.400343 0.497405 0.479706 0.490600 0.402176 0.439703 0.545537 0.520577 0.500857 1.000000 0.522308 0.475331 0.483733 0.465283 0.403906 0.480240 0.500975 0.493048 0.521494 0.425492 0.407025 0.471110 0.523380 0.526595 0.442432 0.526061 0.551216 0.555717 0.507665 0.447990 0.480223 0.432195 0.392687 0.447561
0.338945 0.429250 0.407667 0.726255 0.430940 0.456415 0.649050 0.683668 0.401412 0.385416 0.515184 0.510471 0.476237 0.486402 0.469074 0.331987 0.547847 0.504662 0.317954 0.597937 0.489456 0.355638 0.577701 0.428912 0.596636 0.482860 0.486418 0.673504 0.449344 0.593422 0.472909 0.799306 0.349309 0.517643 0.793701 0.390228 0.838360 0.448175 0.528196 0.376369 0.337906 0.609767 0.478632 0.355799 0.423660 0.593529 0.315701 0.525688 0.841770 0.447758 0.500979 0.491603 0.600965 0.485290 0.335459 0.511344 0.425227 0.544630 0.489574 0.551252 0.492401 0.566785 0.415255 0.539082 0.481269 0.585913 0.457698 0.522308 1.000000 0.486435 0.418559 0.353169 0.421348 0.495582 0.526500 0.452887 0.474524 0.484977 0.469508 0.435877 0.521534 0.500113 0.422972 0.462036 0.427298 0.417321 0.435004 0.473221 0.524411 0.558967 0.465824 0.473831
0.254028 0.431789 0.491664 0.409116 0.726896 0.552056 0.388014 0.485098 0.480768 0.419549 0.510758 0.483628 0.383138 0.515871 0.354923 0.322434 0.500286 0.371052 0.196471 0.506113 0.293859 0.352778 0.463415 0.687328 0.528535 0.419565 0.322261 0.477744 0.593868 0.422657 0.772896 0.486363 0.211766 0.492865 0.396695 0.379295 0.391288 0.683239 0.477150 0.492824 0.298173 0.488261 0.333783 0.273343 0.683924 0.515375 0.484167 0.731729 0.428275 0.273651 0.794500 0.732163 0.520395 0.766942 0.451965 0.361505 0.359547 0.371334 0.334305 0.431037 0.721014 0.564019 0.650925 0.391054 0.427164 0.492423 0.611045 0.475331 0.486435 1.000000 0.328998 0.360833 0.440445 0.495140 0.690636 0.361126 0.519446 0.645650 0.737795 0.342290 0.506988 0.489619 0.424004 0.543867 0.453809 0.417255 0.582040 0.753179 0.532192 0.484521 0.612483 0.506688
0.515743 0.414822 0.258623 0.485767 0.274218 0.505557 0.310645 0.360391 0.269109 0.286819 0.392204 0.375553 0.352122 0.391837 0.317616 0.353181 0.386089 0.356636 0.310896 0.363056 0.310788 0.414464 0.420107 0.231727 0.435655 0.476778 0.534658 0.340339 0.350902 0.369671 0.323267 0.421144 0.816270 0.378849 0.457884 0.482168 0.392060 0.254076 0.475478 0.398027 0.481662 0.453436 0.355319 0.375555 0.369505 0.417470 0.413592 0.286324 0.363894 0.413043 0.375335 0.382292 0.349820 0.298096 0.349999 0.456192 0.507163 0.365831 0.340412 0.413984 0.288561 0.347954 0.296327 0.271045 0.336566 0.388839 0.347610 0.483733 0.418559 0.328998 1.000000 0.478910 0.336760 0.490429 0.324273 0.343417 0.484075 0.416239 0.318125 0.415848 0.361194 0.390409 0.392366 0.476715 0.427156 0.476592 0.284190 0.259907 0.413201 0.320399 0.294829 0.381498
0.335975 0.352215 0.313481 0.351608 0.363864 0.439770 0.241276 0.321597 0.293430 0.300514 0.414917 0.452794 0.402171 0.403213 0.344441 0.289416 0.327215 0.364760 0.381446 0.460173 0.262703 0.300347 0.403231 0.233416 0.339147 0.419989 0.430506 0.250830 0.361567 0.330190 0.250641 0.342875 0.395130 0.355720 0.351903 0.315165 0.344252 0.343045 0.390573 0.432744 0.616390 0.389468 0.360672 0.251753 0.360239 0.401552 0.307452 0.304011 0.269658 0.485205 0.358349 0.333520 0.314548 0.359083 0.384884 0.435135 0.474671 0.352569 0.304050 0.338058 0.325357 0.480254 0.287399 0.467812 0.416713 0.392024 0.381065 0.465283 0.353169 0.360833 0.478910 1.000000 0.233096 0.465153 0.265945 0.271512 0.444027 0.371177 0.273173 0.338289 0.368138 0.441240 0.422064 0.414375 0.356611 0.412271 0.340232 0.304468 0.316347 0.376459 0.340187 0.319251
0.273822 0.434391 0.339254 0.379861 0.381769 0.396789 0.342014 0.397224 0.294648 0.342785 0.375804 0.337675 0.230580 0.381479 0.386178 0.347611 0.367813 0.289851 0.238589 0.357121 0.430355 0.465911 0.405097 0.403029 0.460873 0.356751 0.305202 0.383564 0.308949 0.420417 0.504261 0.404839 0.321630 0.334818 0.405572 0.362513 0.385725 0.312639 0.398171 0.311962 0.227414 0.340577 0.264421 0.299678 0.323868 0.352563 0.387066 0.406184 0.450969 0.369544 0.437085 0.427054 0.363840 0.391774 0.386263 0.266474 0.269928 0.364230 0.364316 0.338482 0.380945 0.355077 0.365583 0.346420 0.458776 0.355778 0.659325 0.403906 0.421348 0.440445 0.336760 0.233096 1.000000 0.364393 0.462052 0.367103 0.393774 0.325956 0.432922 0.328091 0.349657 0.362225 0.360737 0.424899 0.387785 0.348545 0.338967 0.464458 0.356071 0.345199 0.244723 0.442895
0.371556 0.402163 0.613847 0.541628 0.494654 0.490266 0.429414 0.500850 0.572222 0.349281 0.509293 0.483590 0.408201 0.506778 0.348881 0.405333 0.442570 0.418437 0.269597 0.388784 0.373462 0.454517 0.338898 0.417656 0.478173 0.461997 0.482890 0.485725 0.473277 0.469996 0.488284 0.463260 0.434759 0.403977 0.458588 0.390374 0.428259 0.477450 0.438766 0.769948 0.438356 0.519755 0.492455 0.382640 0.437367 0.518986 0.415086 0.518590 0.454877 0.454774 0.561257 0.575706 0.428725 0.537057 0.387564 0.442802 0.509672 0.483544 0.493025 0.480149 0.463327 0.474124 0.464196 0.332110 0.429970 0.414004 0.405756 0.480240 0.495582 0.495140 0.490429 0.465153 0.364393 1.000000 0.542576 0.441904 0.906597 0.555887 0.477287 0.468394 0.449172 0.454801 0.455078 0.824616 0.416003 0.517667 0.539485 0.453924 0.397101 0.427023 0.520761 0.463630
0.317348 0.336862 0.450219 0.437683 0.710428 0.499133 0.487281 0.552179 0.420498 0.396786 0.471270 0.451701 0.308002 0.431652 0.343215 0.433480 0.452217 0.413742 0.327498 0.440388 0.340088 0.426698 0.390270 0.630563 0.603348 0.435938 0.324672 0.532140 0.602678 0.446330 0.803574 0.467577 0.331532 0.422404 0.404092 0.386392 0.374406 0.612290 0.376504 0.448422 0.329094 0.511917 0.386431 0.350375 0.628593 0.506725 0.460631 0.617881 0.483350 0.375332 0.671535 0.631561 0.423950 0.664320 0.387142 0.329916 0.339136 0.341342 0.307311 0.343281 0.666921 0.503619 0.592452 0.324102 0.414196 0.447667 0.472283 0.500975 0.526500 0.690636 0.324273 0.265945 0.462052 0.542576 1.000000 0.421359 0.570642 0.738383 0.718085 0.370313 0.464963 0.413346 0.305341 0.560286 0.313579 0.422159 0.587821 0.596942 0.382608 0.401996 0.601598 0.462055
0.311893 0.399992 0.460540 0.504194 0.404335 0.392976 0.360790 0.422709 0.443620 0.274167 0.460239 0.432294 0.356242 0.445203 0.395827 0.316193 0.446285 0.357936 0.200290 0.421526 0.418979 0.340717 0.432142 0.289622 0.376787 0.351100 0.355565 0.388909 0.403987 0.477460 0.467803 0.445396 0.377435 0.509354 0.455801 0.408859 0.491665 0.400485 0.536779 0.434092 0.261894 0.382027 0.315020 0.418315 0.355946 0.426137 0.337781 0.319677 0.399146 0.369097 0.383242 0.462812 0.437879 0.379528 0.226376 0.453109 0.463269 0.477044 0.431032 0.441282 0.462480 0.287444 0.485077 0.323517 0.411694 0.445603 0.371813 0.493048 0.452887 0.361126 0.343417 0.271512 0.367103 0.441904 0.421359 1.000000 0.459973 0.442247 0.419590 0.504116 0.464788 0.420749 0.519583 0.514798 0.497268 0.451183 0.352237 0.443357 0.461673 0.360526 0.452352 0.363615
0.401139 0.413413 0.622754 0.501451 0.487458 0.482303 0.409288 0.493871 0.569503 0.349461 0.477311 0.466574 0.352409 0.519974 0.369277 0.436153 0.445772 0.381684 0.239309 0.407378 0.366347 0.499783 0.369933 0.465409 0.477879 0.481964 0.464276 0.470707 0.423822 0.446911 0.529874 0.424864 0.402342 0.421908 0.440193 0.413457 0.393280 0.495368 0.468006 0.798528 0.376907 0.498779 0.445083 0.390658 0.440192 0.501216 0.401652 0.524757 0.436311 0.461349 0.590235 0.606579 0.462866 0.526177 0.403096 0.417264 0.516234 0.442463 0.465638 0.447324 0.463707 0.503180 0.534368 0.361217 0.418831 0.433752 0.394242 0.521494 0.474524 0.519446 0.484075 0.444027 0.393774 0.906597 0.570642 0.459973 1.000000 0.594694 0.549130 0.457420 0.459506 0.483643 0.478834 0.905816 0.430593 0.542068 0.524723 0.491888 0.398963 0.430766 0.494230 0.459168
0.364233 0.297426 0.461146 0.413473 0.672842 0.510939 0.363497 0.436035 0.469866 0.332886 0.478315 0.416173 0.318449 0.498818 0.307496 0.369282 0.361309 0.439039 0.239709 0.378152 0.250148 0.383751 0.321342 0.531660 0.492515 0.400594 0.335445 0.403826 0.666527 0.379659 0.697604 0.464343 0.363179 0.400145 0.416935 0.376504 0.382554 0.606985 0.412965 0.474056 0.351582 0.488577 0.403926 0.410696 0.658682 0.520438 0.442817 0.563094 0.412621 0.387448 0.632651 0.618933 0.438201 0.609737 0.345420 0.332751 0.401740 0.291482 0.261122 0.355899 0.614975 0.515766 0.648401 0.292479 0.357838 0.390069 0.394860 0.425492 0.484977 0.645650 0.416239 0.371177 0.325956 0.555887 0.738383 0.442247 0.594694 1.000000 0.755645 0.415955 0.408123 0.357387 0.313057 0.558501 0.338736 0.391151 0.560824 0.547182 0.376610 0.409201 0.724955 0.332498
0.293825 0.325930 0.446002 0.374705 0.677673 0.476434 0.314604 0.420756 0.407729 0.314420 0.428003 0.464493 0.293465 0.446622 0.324799 0.342521 0.415826 0.429563 0.241429 0.407493 0.314004 0.375275 0.376273 0.625655 0.536990 0.446316 0.243613 0.398559 0.559792 0.374261 0.782005 0.458112 0.253964 0.430584 0.356486 0.353257 0.369572 0.678856 0.365191 0.471436 0.270088 0.466782 0.415163 0.395545 0.698813 0.487475 0.475916 0.700675 0.429434 0.280905 0.731760 0.691728 0.511849 0.660782 0.421524 0.304305 0.369376 0.321098 0.291453 0.335267 0.667747 0.461200 0.679317 0.324723 0.322699 0.410689 0.431529 0.407025 0.469508 0.737795 0.318125 0.273173 0.432922 0.477287 0.718085 0.419590 0.549130 0.755645 1.000000 0.285087 0.453296 0.392613 0.332441 0.552438 0.347747 0.376070 0.530834 0.688870 0.423040 0.435514 0.632549 0.476697
0.420453 0.408023 0.362675 0.464580 0.449369 0.460216 0.343037 0.375968 0.431957 0.405102 0.384757 0.300835 0.303645 0.359702 0.348863 0.505459 0.420666 0.406558 0.273850 0.344738 0.317415 0.367879 0.312794 0.298499 0.320418 0.324731 0.367525 0.365842 0.413885 0.349773 0.357049 0.389220 0.483057 0.523901 0.483879 0.584693 0.476171 0.474767 0.526914 0.453569 0.401911 0.342434 0.378476 0.592251 0.415347 0.427145 0.498177 0.335647 0.414592 0.415763 0.355554 0.383825 0.403489 0.425431 0.353357 0.297603 0.468804 0.377536 0.350865 0.500427 0.407441 0.325647 0.491817 0.401480 0.476910 0.471511 0.270624 0.471110 0.435877 0.342290 0.415848 0.338289 0.328091 0.468394 0.370313 0.504116 0.457420 0.415955 0.285087 1.000000 0.505265 0.502871 0.474100 0.505684 0.455069 0.388348 0.430784 0.428369 0.471062 0.287072 0.420983 0.320642
0.290756 0.456960 0.444540 0.512220 0.453330 0.435938 0.464913 0.563015 0.418933 0.409546 0.429857 0.512114 0.405534 0.396679 0.464320 0.400948 0.599369 0.472677 0.320136 0.569550 0.458794 0.425487 0.549273 0.461604 0.531331 0.419058 0.450915 0.569225 0.409216 0.503875 0.478398 0.546852 0.355409 0.825435 0.539750 0.412769 0.508064 0.467989 0.551758 0.414538 0.284341 0.479186 0.387557 0.265537 0.447207 0.574884 0.371290 0.426679 0.469777 0.390141 0.464334 0.463607 0.557121 0.471901 0.394071 0.411799 0.421030 0.524586 0.452735 0.548003 0.480683 0.399671 0.456371 0.483492 0.447588 0.835609 0.436772 0.523380 0.521534 0.506988 0.361194 0.368138 0.349657 0.449172 0.464963 0.464788 0.459506 0.408123 0.453296 0.505265 1.000000 0.861492 0.552925 0.520014 0.530767 0.475103 0.415811 0.539260 0.561469 0.421991 0.420915 0.608330
0.369957 0.525067 0.413731 0.509636 0.402804 0.422197 0.461648 0.544521 0.397956 0.441862 0.388908 0.495467 0.391086 0.405927 0.470263 0.387414 0.609970 0.456149 0.319827 0.550664 0.402594 0.469834 0.541115 0.447614 0.514733 0.406601 0.439491 0.540843 0.362884 0.471118 0.427962 0.503285 0.376877 0.819244 0.564019 0.406546 0.515430 0.457713 0.610464 0.491835 0.292039 0.455785 0.374722 0.248340 0.428728 0.556865 0.352230 0.411258 0.469020 0.416040 0.432017 0.428920 0.545013 0.450850 0.427446 0.402383 0.484095 0.505352 0.461666 0.578991 0.393714 0.478475 0.443062 0.532285 0.461266 0.849383 0.434973 0.526595 0.500113 0.489619 0.390409 0.441240 0.362225 0.454801 0.413346 0.420749 0.483643 0.357387 0.392613 0.502871 0.861492 1.000000 0.621935 0.560343 0.583987 0.478031 0.373795 0.524500 0.596408 0.420621 0.348166 0.579620
0.332122 0.517632 0.474289 0.513062 0.394950 0.347598 0.410068 0.484915 0.452234 0.299018 0.382879 0.473804 0.492726 0.502450 0.418716 0.269440 0.562455 0.501186 0.262558 0.500289 0.539575 0.357532 0.529217 0.442764 0.384434 0.382861 0.521174 0.456377 0.366619 0.652350 0.378202 0.474728 0.351444 0.571840 0.507512 0.464064 0.450045 0.449095 0.612057 0.521359 0.306134 0.450313 0.449484 0.230369 0.430982 0.560420 0.339682 0.379204 0.460913 0.556944 0.444118 0.505538 0.541620 0.376053 0.309048 0.513015 0.574839 0.649522 0.609931 0.579778 0.390724 0.448036 0.521599 0.509655 0.519378 0.485755 0.341243 0.442431 0.422972 0.424004 0.392366 0.422064 0.360737 0.455078 0.305341 0.519583 0.478834 0.313057 0.332441 0.474100 0.552925 0.621935 1.000000 0.604833 0.532373 0.526776 0.366576 0.521515 0.588853 0.376509 0.376585 0.396943
0.417482 0.469429 0.578060 0.487113 0.519406 0.448239 0.404666 0.498477 0.556053 0.327839 0.452070 0.467975 0.306456 0.531990 0.351633 0.418094 0.501865 0.416577 0.266824 0.392255 0.358092 0.541714 0.381054 0.477817 0.454586 0.454554 0.452779 0.483344 0.435832 0.472881 0.541099 0.397059 0.385310 0.500107 0.418289 0.433458 0.393394 0.541765 0.525272 0.783024 0.364759 0.483104 0.461991 0.408405 0.462154 0.504224 0.382476 0.526778 0.440535 0.459251 0.607681 0.638393 0.516542 0.540475 0.381172 0.408691 0.523141 0.425684 0.430773 0.455955 0.494968 0.477411 0.595083 0.361833 0.453558 0.473328 0.394677 0.526061 0.462036 0.543867 0.476715 0.414375 0.424899 0.824616 0.560286 0.514798 0.905816 0.558501 0.552438 0.505684 0.520014 0.560343 0.604833 1.000000 0.521285 0.568986 0.530776 0.571909 0.499567 0.435119 0.503396 0.469029
0.281620 0.574485 0.380896 0.459338 0.325933 0.420002 0.330647 0.385723 0.445813 0.293328 0.330631 0.411954 0.319344 0.385817 0.366880 0.293732 0.516982 0.319632 0.284409 0.365519 0.297887 0.394770 0.382895 0.284102 0.353096 0.288125 0.373858 0.391886 0.308539 0.370544 0.355195 0.396050 0.354737 0.519294 0.483012 0.365450 0.444196 0.323327 0.774997 0.384901 0.280632 0.374707 0.343707 0.298298 0.345608 0.387598 0.372068 0.340197 0.424084 0.465402 0.391313 0.394779 0.553001 0.370694 0.273939 0.290621 0.349249 0.408892 0.365635 0.539773 0.313685 0.381336 0.423328 0.335840 0.387115 0.509069 0.427365 0.551216 0.427298 0.453809 0.427156 0.356611 0.387785 0.416003 0.313579 0.497268 0.430593 0.338736 0.347746 0.455069 0.530767 0.583987 0.532373 0.521285 1.000000 0.420570 0.439272 0.461726 0.658417 0.467580 0.323980 0.382280
0.408199 0.436258 0.451304 0.477257 0.401535 0.359865 0.452785 0.553283 0.469184 0.391667 0.459548 0.511537 0.414003 0.556973 0.445530 0.359612 0.534412 0.390977 0.306619 0.435762 0.404566 0.450289 0.447496 0.468618 0.456489 0.445295 0.490467 0.506496 0.432343 0.490040 0.434577 0.472283 0.468224 0.446600 0.456006 0.439650 0.377188 0.405843 0.475749 0.473434 0.376612 0.495123 0.336551 0.314112 0.352144 0.448162 0.328955 0.499541 0.434433 0.461203 0.497410 0.504930 0.487813 0.426867 0.312706 0.485983 0.520719 0.411136 0.400266 0.403621 0.466820 0.354011 0.401620 0.373904 0.480023 0.428739 0.397543 0.555717 0.417321 0.417255 0.476592 0.412271 0.348545 0.517667 0.422159 0.451183 0.542068 0.391151 0.376070 0.388348 0.475103 0.478031 0.526776 0.568986 0.420570 1.000000 0.499604 0.460291 0.435313 0.364668 0.420067 0.473268
0.243293 0.322878 0.432521 0.365078 0.630435 0.461138 0.455036 0.504705 0.446239 0.308228 0.485688 0.428826 0.277916 0.456687 0.374234 0.295597 0.439432 0.455021 0.164388 0.373503 0.372610 0.390907 0.302060 0.484698 0.451751 0.361923 0.341423 0.513899 0.577220 0.429601 0.545330 0.405287 0.237459 0.311760 0.317819 0.343366 0.326698 0.520791 0.414223 0.435425 0.366267 0.526520 0.463043 0.387495 0.583089 0.472155 0.469211 0.575085 0.395759 0.454478 0.583100 0.549748 0.464728 0.549467 0.363363 0.304592 0.433581 0.324492 0.311595 0.369909 0.582834 0.448774 0.517667 0.236453 0.343503 0.336362 0.379212 0.507665 0.435004 0.582040 0.284190 0.340232 0.338967 0.539485 0.587821 0.352237 0.524723 0.560824 0.530834 0.430784 0.415811 0.373795 0.366576 0.530776 0.439272 0.499604 1.000000 0.630049 0.398437 0.463736 0.558804 0.380415
0.321576 0.465940 0.506159 0.424996 0.685650 0.504395 0.419381 0.514437 0.449123 0.389074 0.479378 0.442527 0.336020 0.475916 0.409888 0.324540 0.548181 0.439259 0.273302 0.495783 0.383148 0.404424 0.460277 0.689491 0.503377 0.434694 0.312309 0.521642 0.534749 0.489513 0.691223 0.465133 0.222580 0.511830 0.395922 0.374470 0.386566 0.659388 0.453801 0.490817 0.317551 0.423764 0.361825 0.316495 0.667785 0.535847 0.490208 0.690826 0.459759 0.296105 0.745837 0.715292 0.588937 0.681372 0.431164 0.360572 0.473444 0.445698 0.430570 0.524127 0.690378 0.445114 0.661274 0.384537 0.480496 0.460027 0.450752 0.447989 0.473221 0.753179 0.259907 0.304468 0.464458 0.453924 0.596942 0.443357 0.491888 0.547182 0.688870 0.428369 0.539260 0.524500 0.521515 0.571909 0.461726 0.460291 0.630049 1.000000 0.555556 0.444662 0.572497 0.540215
0.374277 0.679340 0.381133 0.517486 0.428304 0.420233 0.446825 0.505271 0.402704 0.372416 0.379134 0.445606 0.368480 0.416987 0.404215 0.272799 0.787731 0.496741 0.316905 0.488634 0.430482 0.442560 0.526658 0.404840 0.457414 0.419396 0.435027 0.493814 0.400980 0.415531 0.447301 0.541689 0.368895 0.553553 0.577905 0.425321 0.497990 0.439142 0.710420 0.427597 0.374873 0.418637 0.391127 0.334632 0.451887 0.515354 0.414770 0.447236 0.516967 0.390453 0.443503 0.431621 0.763072 0.435799 0.363102 0.408756 0.442441 0.470563 0.435282 0.624846 0.445708 0.429915 0.463562 0.447652 0.401674 0.538906 0.451732 0.480223 0.524411 0.532192 0.413201 0.316347 0.356071 0.397101 0.382608 0.461673 0.398963 0.376610 0.423040 0.471062 0.561469 0.596408 0.588853 0.499567 0.658417 0.435313 0.398437 0.555556 1.000000 0.406837 0.372150 0.440232
0.272610 0.307293 0.358189 0.385401 0.365585 0.401839 0.482645 0.523446 0.405808 0.294020 0.409874 0.379335 0.385869 0.519050 0.350315 0.218302 0.375834 0.362637 0.277847 0.496830 0.383238 0.319842 0.428124 0.349298 0.392783 0.366332 0.449642 0.522178 0.454534 0.432751 0.407134 0.406361 0.184342 0.372457 0.416666 0.362486 0.456930 0.420200 0.466006 0.377760 0.191140 0.541609 0.340878 0.389741 0.386108 0.447321 0.285102 0.434801 0.429465 0.340727 0.460367 0.447455 0.385280 0.483549 0.369063 0.390641 0.299137 0.393617 0.333130 0.344719 0.422196 0.666598 0.324116 0.441772 0.298542 0.447462 0.443632 0.432195 0.558967 0.484521 0.320399 0.376459 0.345199 0.427023 0.401996 0.360526 0.430766 0.409201 0.435514 0.287072 0.421991 0.420621 0.376509 0.435119 0.467580 0.364668 0.463736 0.444662 0.406837 1.000000 0.506452 0.461427
0.258266 0.308127 0.467518 0.413123 0.662672 0.481061 0.399233 0.439999 0.517407 0.319784 0.478587 0.425318 0.368916 0.523674 0.392911 0.289798 0.370604 0.493706 0.261320 0.383233 0.317804 0.302991 0.305347 0.527732 0.478562 0.413759 0.323793 0.412493 0.775693 0.406103 0.601030 0.459820 0.275178 0.424630 0.383910 0.412384 0.426690 0.630234 0.412742 0.518089 0.337164 0.524896 0.465141 0.496726 0.652028 0.523451 0.420413 0.616919 0.419549 0.367867 0.621034 0.614257 0.392109 0.588606 0.311464 0.393818 0.424895 0.393104 0.363139 0.401162 0.624771 0.437661 0.567576 0.282438 0.368366 0.392487 0.328739 0.392687 0.465824 0.612483 0.294829 0.340187 0.244723 0.520761 0.601598 0.452352 0.494230 0.724955 0.632549 0.420983 0.420915 0.348166 0.376585 0.503396 0.323980 0.420067 0.558804 0.572497 0.372150 0.506452 1.000000 0.471198
0.349903 0.449750 0.341558 0.521409 0.410050 0.403935 0.498083 0.557798 0.333927 0.350429 0.416288 0.397265 0.396790 0.409656 0.395165 0.409606 0.556339 0.391541 0.367055 0.525663 0.499265 0.437251 0.541770 0.530954 0.531783 0.418810 0.384036 0.558042 0.414180 0.480601 0.489494 0.505547 0.383545 0.566984 0.465451 0.313296 0.444750 0.392445 0.411415 0.412008 0.300745 0.488945 0.368721 0.397133 0.397173 0.486084 0.443430 0.508694 0.448543 0.318656 0.501745 0.461443 0.512534 0.380234 0.352138 0.407976 0.419944 0.506397 0.516106 0.476165 0.464024 0.312266 0.355500 0.392651 0.429914 0.585712 0.440598 0.447561 0.473831 0.506688 0.381498 0.319251 0.442895 0.463630 0.462055 0.363615 0.459168 0.332498 0.476697 0.320642 0.608330 0.579620 0.396943 0.469029 0.382280 0.473268 0.380415 0.540215 0.440232 0.461427 0.471198 1.000000
