1.000000 0.494576 0.528762 0.367744 0.803242 0.460507 0.426284 0.544513 0.397489 0.370969 0.514492 0.418383 0.460525 0.925702 0.496127 0.542911 0.571980 0.527247 0.569249 0.699948 0.387777 0.588526 0.402574 0.443132 0.471966 0.411124 0.424684
0.494576 1.000000 0.696287 0.609687 0.511466 0.611616 0.575715 0.479386 0.568750 0.556568 0.593880 0.593714 0.527896 0.501029 0.557016 0.671740 0.716517 0.631014 0.627049 0.474552 0.474268 0.529675 0.618608 0.627297 0.656133 0.580312 0.635974
0.528762 0.696287 1.000000 0.698224 0.518882 0.665956 0.674593 0.560860 0.641595 0.593052 0.632526 0.656304 0.617655 0.563695 0.642689 0.735024 0.780229 0.669781 0.737599 0.573517 0.552862 0.636099 0.719872 0.743059 0.722331 0.558422 0.695704
0.367744 0.609687 0.698224 1.000000 0.426829 0.677302 0.655026 0.419289 0.704227 0.702437 0.536763 0.783758 0.588646 0.390024 0.608692 0.621803 0.658984 0.600130 0.617559 0.445745 0.663289 0.474642 0.664995 0.578684 0.569615 0.554843 0.639242
0.803242 0.511466 0.518882 0.426829 1.000000 0.466962 0.448703 0.598146 0.361561 0.349019 0.498144 0.411059 0.463321 0.820225 0.450324 0.532062 0.564187 0.520476 0.549262 0.701058 0.370686 0.534061 0.406257 0.460916 0.488119 0.495913 0.400432
0.460507 0.611616 0.665956 0.677302 0.466962 1.000000 0.879272 0.460832 0.630833 0.585451 0.517763 0.607905 0.631727 0.456737 0.655372 0.700822 0.692584 0.627856 0.627655 0.508997 0.489366 0.552883 0.595842 0.633051 0.570761 0.540819 0.716707
0.426284 0.575715 0.674593 0.655026 0.448703 0.879272 1.000000 0.477955 0.633775 0.581916 0.536515 0.585093 0.669167 0.450616 0.684696 0.654476 0.661836 0.612252 0.650372 0.481964 0.468942 0.516211 0.577338 0.633691 0.572320 0.589998 0.716480
0.544513 0.479386 0.560860 0.419289 0.598146 0.460832 0.477955 1.000000 0.421114 0.402348 0.560791 0.469352 0.434247 0.585536 0.502744 0.544620 0.563207 0.606066 0.557256 0.643385 0.510314 0.459742 0.403867 0.480497 0.372525 0.411623 0.455521
0.397489 0.568750 0.641595 0.704227 0.361561 0.630833 0.633775 0.421114 1.000000 0.905836 0.465128 0.671690 0.559644 0.366499 0.535979 0.627250 0.631975 0.615969 0.593101 0.424999 0.628141 0.532237 0.611104 0.617259 0.535020 0.517063 0.709984
0.370969 0.556568 0.593052 0.702437 0.349019 0.585451 0.581916 0.402348 0.905836 1.000000 0.474656 0.734144 0.568520 0.351024 0.539190 0.599429 0.619383 0.637867 0.574721 0.411279 0.609825 0.509365 0.582819 0.582093 0.478168 0.531621 0.635576
0.514492 0.593880 0.632526 0.536763 0.498144 0.517763 0.536515 0.560791 0.465128 0.474656 1.000000 0.563534 0.556826 0.544636 0.545017 0.640446 0.645654 0.595536 0.668040 0.573414 0.478651 0.562517 0.579029 0.544983 0.561815 0.557099 0.548528
0.418383 0.593714 0.656304 0.783758 0.411059 0.607905 0.585093 0.469352 0.671690 0.734144 0.563534 1.000000 0.647841 0.408117 0.634673 0.704568 0.710810 0.746970 0.626745 0.465342 0.711029 0.502849 0.639043 0.644997 0.571595 0.589764 0.638650
0.460525 0.527896 0.617655 0.588646 0.463321 0.631727 0.669167 0.434247 0.559644 0.568520 0.556826 0.647841 1.000000 0.449562 0.905388 0.640072 0.605603 0.582258 0.569950 0.432491 0.468249 0.485482 0.558090 0.616700 0.519369 0.704977 0.613252
0.925702 0.501029 0.563695 0.390024 0.820225 0.456737 0.450616 0.585536 0.366499 0.351024 0.544636 0.408117 0.449562 1.000000 0.495946 0.546076 0.602272 0.522372 0.578818 0.737517 0.389484 0.587624 0.414338 0.432267 0.503926 0.429638 0.418505
0.496127 0.557016 0.642689 0.608692 0.450324 0.655372 0.684696 0.502744 0.535979 0.539190 0.545017 0.634673 0.905388 0.495946 1.000000 0.678982 0.667561 0.633797 0.593463 0.445675 0.491831 0.477344 0.566412 0.607296 0.526303 0.639071 0.631175
0.542911 0.671740 0.735024 0.621803 0.532062 0.700822 0.654476 0.544620 0.627250 0.599429 0.640446 0.704568 0.640072 0.546076 0.678982 1.000000 0.931283 0.883512 0.700091 0.533294 0.543887 0.595797 0.637571 0.717540 0.688156 0.605503 0.635790
0.571980 0.716517 0.780229 0.658984 0.564187 0.692584 0.661836 0.563207 0.631975 0.619383 0.645654 0.710810 0.605603 0.602272 0.667561 0.931283 1.000000 0.881549 0.723651 0.561327 0.568697 0.589742 0.630401 0.703145 0.676332 0.624593 0.650425
0.527247 0.631014 0.669781 0.600130 0.520476 0.627856 0.612252 0.606066 0.615969 0.637867 0.595536 0.746970 0.582258 0.522372 0.633797 0.883512 0.881549 1.000000 0.673094 0.546003 0.597425 0.558453 0.569044 0.659796 0.583187 0.567104 0.594484
0.569249 0.627049 0.737599 0.617559 0.549262 0.627655 0.650372 0.557256 0.593101 0.574721 0.668040 0.626745 0.569950 0.578818 0.593463 0.700091 0.723651 0.673094 1.000000 0.664297 0.539429 0.577467 0.588024 0.681226 0.626040 0.536629 0.601971
0.699948 0.474552 0.573517 0.445745 0.701058 0.508997 0.481964 0.643385 0.424999 0.411279 0.573414 0.465342 0.432491 0.737517 0.445675 0.533294 0.561327 0.546003 0.664297 1.000000 0.436915 0.652773 0.541475 0.469682 0.508648 0.473591 0.450118
0.387777 0.474268 0.552862 0.663289 0.370686 0.489366 0.468942 0.510314 0.628141 0.609825 0.478651 0.711029 0.468249 0.389484 0.491831 0.543887 0.568697 0.597425 0.539429 0.436915 1.000000 0.422318 0.432316 0.493724 0.508272 0.417247 0.523251
0.588526 0.529675 0.636099 0.474642 0.534061 0.552883 0.516211 0.459742 0.532237 0.509365 0.562517 0.502849 0.485482 0.587624 0.477344 0.595797 0.589742 0.558453 0.577467 0.652773 0.422318 1.000000 0.672599 0.519585 0.605714 0.459876 0.514214
0.402574 0.618608 0.719872 0.664995 0.406257 0.595842 0.577338 0.403867 0.611104 0.582819 0.579029 0.639043 0.558090 0.414338 0.566412 0.637571 0.630401 0.569044 0.588024 0.541475 0.432316 0.672599 1.000000 0.626183 0.631926 0.548346 0.614104
0.443132 0.627297 0.743059 0.578684 0.460916 0.633051 0.633691 0.480497 0.617259 0.582093 0.544983 0.644997 0.616700 0.432267 0.607296 0.717540 0.703145 0.659796 0.681226 0.469682 0.493724 0.519585 0.626183 1.000000 0.650945 0.588226 0.662418
0.471966 0.656133 0.722331 0.569615 0.488119 0.570761 0.572320 0.372525 0.535020 0.478168 0.561815 0.571595 0.519369 0.503926 0.526302 0.688156 0.676332 0.583187 0.626040 0.508648 0.508272 0.605714 0.631926 0.650945 1.000000 0.517792 0.588375
0.411124 0.580312 0.558422 0.554843 0.495913 0.540819 0.589998 0.411623 0.517063 0.531621 0.557099 0.589764 0.704977 0.429638 0.639071 0.605503 0.624593 0.567104 0.536629 0.473591 0.417247 0.459876 0.548346 0.588226 0.517792 1.000000 0.477229
0.424684 0.635974 0.695704 0.639242 0.400432 0.716707 0.716480 0.455521 0.709984 0.635576 0.548528 0.638650 0.613252 0.418504 0.631175 0.635790 0.650425 0.594484 0.601971 0.450118 0.523251 0.514214 0.614104 0.662418 0.588375 0.477229 1.000000
